Time Pressure difference Time.1 Pressure.1 difference.1
(hr) (psi) (hr) (psi)
0.000200000000006639311 0.48809901104451586 0.000200000000006639311 0.39233340801906791
0.000399999999999067768 0.96888694223128424 0.000399999999999067768 0.99493132292475195
0.000600000000005707079 1.44375704426817131 0.000600000000005707079 1.44095684821011671
0.000799999999998135536 1.91335635674827276 0.000799999999998135536 1.88660890167998496
0.001007140329434719206 2.39461583090157060 0.001007140329434719206 2.34578553523002409
0.001267914553963578328 2.99361926727909378 0.001267914553963578328 2.91625789130306012
0.001596209851982166583 3.73758461684221022 0.001596209851982166583 3.61697440373762591
0.002009509145224797066 4.65927005714627285 0.002009509145224797066 4.47368581979830093
0.002529822128138903281 5.79775029911708195 0.002529822128138903281 5.51537285508135700
0.003184857364431081805 7.19912675945468994 0.003184857364431081805 6.77373505312624324
0.004009497869020606231 8.91706801273504368 0.004009497869020606231 8.28212482114389026
0.005047658755842121536 11.01302841113780140 0.005047658755842121536 10.07367972582729720
0.006354625877790454069 13.55592752027832582 0.006354625877790454069 12.17843930432789357
0.008000000000009777068 16.62103977015440748 0.008000000000009777068 14.61928701891295113
0.010071403294347192059 20.28780353839364992 0.010071403294347192059 17.40654838567052920
0.012679145539706837553 24.63622126505907772 0.012679145539706837553 20.53147783242705415
0.015962098519750611558 29.74166700752526538 0.015962098519750611558 23.95929458441660742
0.020095091452091651263 35.66807734763882820 0.020095091452091651263 27.62304356286697526
0.025298221281360611101 42.45993005706686318 0.025298221281360611101 31.41981148751310826
0.031848573644296607199 50.13369168452726399 0.031848573644296607199 35.21340081669347910
0.040094978690177640601 58.67102804437657682 0.040094978690177640601 38.84295294235717932
0.050476587558421215363 68.01422509918771198 0.050476587558421215363 42.14260636106826752
0.063546258777961384112 78.06845452374777494 0.063546258777961384112 44.96635400688092687
0.079999999999998294697 88.70864315159657565 0.079999999999998294697 47.21451010384082991
0.100714032943542974863 99.79392311351536193 0.100714032943542974863 48.85678683611434536
0.126791455396897845276 111.18511598279523866 0.126791455396897845276 49.93645411718357963
0.159620985197506115583 122.76107718265177482 0.159620985197506115583 50.56109294828561929
0.200950914520760193227 134.43188873615653733 0.200950914520760193227 50.87805977124769896
0.252982212813478213320 146.14386538065943455 0.252982212813478213320 51.04168337384769671
0.318485736442795541734 157.87759954522312000 0.318485736442795541734 51.18665037776727189
0.400949786901833249431 169.64066831125862223 0.400949786901833249431 51.41156825186622825
0.504765875584155310207 181.45806447631704827 0.504765875584155310207 51.77194359122320577
0.635462587779443310865 193.36162737415273227 0.635462587779443310865 52.29386945964476041
0.799999999999997157829 205.38668962502416093 0.799999999999997157829 52.97637527888397102
1.007140329435344483500 217.56253465174319217 1.007140329435344483500 53.80400867398324749
1.267914553968893187630 229.91469874575273025 1.267914553968893187630 54.76569847717411932
1.596209851975103788391 242.46393236920314962 1.596209851975103788391 55.85008218280818681
2.009509145207672986544 255.22616611983323764 2.009509145207672986544 57.05211694432876612
2.529822128134711078928 268.21422483973327644 2.529822128134711078928 58.37411989390781031
3.184857364427998049905 281.43793285779338476 3.184857364427998049905 59.82191851003835836
4.009497869018190385759 294.90367091104008068 4.009497869018190385759 61.39192086021513717
5.009497869018204596614 308.15322876262899854 5.009497869018204596614 62.99831705978811414
6.009497869018204596614 319.13718030430533190 6.009497869018204596614 64.37368353116032438
7.009497869018204596614 328.52731819007084368 7.009497869018204596614 65.57252835402709934
8.009497869018204596614 336.72670316059634388 8.009497869018204596614 66.63263390201889536
9.009497869018204596614 344.00329428173148472 9.009497869018204596614 67.57511866159045155
10.009497869018190385759 350.53922941912276201 10.009497869018190385759 68.40960736044078772
11.009497869018190385759 356.46610850243746427 11.009497869018190385759 69.17697596751737876
12.009497869018190385759 361.88513932549045649 12.009497869018190385759 69.84205989385127111
13.009497869018190385759 366.87696793924322947 13.009497869018190385759 70.47579556055507055
14.009497869018190385759 371.48907171466640875 14.009497869018190385759 71.09550379310371682
15.009497869018190385759 375.78594216687241669 15.009497869018190385759 71.60958366935854258
16.009497869018204596614 379.80478944004238429 16.009497869018204596614 72.06936595892577202
17.009497869018204596614 383.56449037313399231 17.009497869018204596614 72.57962555259300075
18.009497869018204596614 387.09307810228995095 18.009497869018204596614 72.94733529002793659
19.009497869018204596614 390.43441747321986668 19.009497869018204596614 73.30379979874645358
20.009497869018204596614 393.59583822974889245 20.009497869018204596614 73.64533955824883549
21.009497869018204596614 396.58657336457429210 21.009497869018204596614 74.05944931854180879
22.009497869018190385759 399.41283093556961603 22.009497869018190385759 74.43383951237660767
23.009497869018190385759 402.11277425979341160 23.009497869018190385759 74.67237738730985086
24.009497869018190385759 404.69945625717389248 24.009497869018190385759 74.91813009342240548
25.009497869018190385759 407.17084171044035656 25.009497869018190385759 75.25034666568640773
26.009497869018190385759 409.53115591053472144 26.009497869018190385759 75.46004675545627549
27.009497869018204596614 411.78027414517868010 27.009497869018204596614 75.71885822259258703
28.009497869018190385759 413.93122109991463731 28.009497869018190385759 75.89859202156647200
29.009497869018190385759 416.00333104523917882 29.009497869018190385759 75.82760740709909442
30.009497869018190385759 418.00103211818861837 30.009497869018190385759 75.81640061367326666
31.009497869018190385759 419.92146382766662782 31.009497869018190385759 75.84904449571527607
32.009497869018190385759 421.76574427026736203 32.009497869018190385759 75.93465734303825343
33.009497869018218807469 423.52545607860633936 33.009497869018218807469 75.89606022712322897
34.009497869018190385759 425.20956240974464890 34.009497869018190385759 75.95921880159413320
35.009497869018218807469 426.83071213045866443 35.009497869018218807469 75.98119285986454940
36.009497869018190385759 428.39947793877615823 36.009497869018190385759 75.93242329576592908
37.009497869018218807469 429.92590551316465053 37.009497869018218807469 75.87749972165023848
38.009497869018190385759 431.40441161952378479 38.009497869018190385759 75.92027914568433289
39.009497869018190385759 432.83513052110816943 39.009497869018190385759 76.08742361074615701
40.009497869018190385759 434.21870145652638939 40.009497869018190385759 76.28341359762281115
41.009497869018190385759 435.55766488083804688 41.009497869018190385759 76.42759377197823767
42.009497869018190385759 436.85216707404941872 42.009497869018190385759 76.61535489449116199
43.009497869018190385759 438.10570691778781338 43.009497869018190385759 76.72612285210443872
44.009497869018218807469 439.32830396493739045 44.009497869018218807469 76.78764018739606456
46.009497869018218807469 441.68629219031623734 46.009497869018218807469 76.94837800989147070
48.009497869018218807469 443.93515776376199256 48.009497869018218807469 77.07711340909987996
50.009497869018218807469 446.06356059805790437 50.009497869018218807469 77.35747820284795750
52.009497869018190385759 448.07630934108675547 52.009497869018190385759 77.44473365829662725
54.009497869018190385759 449.97548153386850345 54.009497869018190385759 77.42051254843723029
56.009497869018190385759 451.78749410118155083 56.009497869018190385759 77.20117138642208943
58.009497869018190385759 453.52481422251150889 58.009497869018190385759 76.35425454645928767
60.009497869018190385759 455.18628786539875364 60.009497869018190385759 75.77914655547017730
62.009497869018190385759 456.76160907313817461 62.009497869018190385759 75.21794008420535249
64.009497869018190385759 458.24893784894976534 64.009497869018190385759 74.67226663484504456
66.009497869018218807469 459.65549142434264240 66.009497869018218807469 74.15108986200677066
68.009497869018218807469 460.95155288507362457 68.009497869018218807469 73.42499942933865498
70.009497869018218807469 462.17630788283878474 70.009497869018218807469 72.94866794486620165
72.009497869018218807469 463.34650678527799528 72.009497869018218807469 72.58799614833161229
74.009497869018190385759 464.47268095116578479 74.009497869018190385759 72.10888503664490656
76.009497869018190385759 465.55031441414854498 76.009497869018190385759 71.63894054885406604
78.009497869018190385759 466.57774885706550094 78.009497869018190385759 71.52405283153642301
80.009497869018190385759 467.56561792152518819 80.009497869018190385759 71.17905023852708268
82.009497869018190385759 468.53892265443096221 82.009497869018190385759 70.87264466374865890
84.009497869018190385759 469.48000052921508995 84.009497869018190385759 70.82475758646805275
86.009497869018190385759 470.39166994718368642 86.009497869018190385759 70.78198169832194253
88.009497869018218807469 471.27218278659881889 88.009497869018218807469 70.68329643056384270
91.009497869018190385759 472.53693791058304896 91.009497869018190385759 70.40168945651716115
94.009497869018218807469 473.73537770987667272 94.009497869018218807469 69.95024161166925580
97.009497869018190385759 474.87103688634169885 97.009497869018190385759 68.55956960246685128
99.504748934509109403734 475.74487661055582066 99.504748934509109403734 70.98922155875149542
nan nan nan nan

