Time Pressure difference Time.1 Pressure.1 difference.1
(hr) (psi) (hr) (psi)
0.000200000000006639311 0.15335543252412154 0.000200000000006639311 0.12326691535734229
0.000399999999999067768 0.30441380279564001 0.000399999999999067768 0.31259666564865513
0.000600000000005707079 0.45361285512479704 0.000600000000005707079 0.45273306379574607
0.000799999999998135536 0.60115588235672079 0.000799999999998135536 0.59275212113594122
0.001007140329434719206 0.75236240633056095 0.001007140329434719206 0.73702045532564953
0.001267914553963578328 0.94056281032755318 0.001267914553963578328 0.91625670233508316
0.001596209851982166583 1.17430868029164026 0.001596209851982166583 1.13641425522837580
0.002009509145224797066 1.46389228146825467 0.002009509145224797066 1.40558372040960111
0.002529822128138903281 1.82159046560097515 0.002529822128138903281 1.73287052541407505
0.003184857364431081805 2.26188779942326423 0.003184857364431081805 2.12823432412412350
0.004009497869020606231 2.80164636886607799 0.004009497869020606231 2.60215408231885759
0.005047658755842121536 3.46017446701289044 0.005047658755842121536 3.16504126520925189
0.006354625877790454069 4.25912587630366346 0.006354625877790454069 3.82633397061653424
0.008000000000009777068 5.22215100886608141 0.008000000000009777068 4.59322193499629883
0.010071403294347192059 6.37420854415746430 0.010071403294347192059 5.46894932387621324
0.012679145539706837553 7.74043438395437189 0.012679145539706837553 6.45076837302606698
0.015962098519750611558 9.34451024222922122 0.015962098519750611558 7.52775133902278615
0.020095091452091651263 11.20652430179193004 0.020095091452091651263 8.67886165995482628
0.025298221281360611101 13.34045099765952358 0.025298221281360611101 9.87176509573891714
0.031848573644296607199 15.75146394142242023 0.031848573644296607199 11.06366985119085911
0.040094978690177640601 18.43380273015885606 0.040094978690177640601 12.20403589067303152
0.050476587558421215363 21.36933423724478942 0.050476587558421215363 13.24075132290320589
0.063546258777961384112 24.52826442806940577 0.063546258777961384112 14.12794230621596725
0.079999999999998294697 27.87129666587325261 0.079999999999998294697 14.83428864749053133
0.100714032943542974863 31.35417178904367574 0.100714032943542974863 15.35027424242781713
0.126791455396897845276 34.93316144054039540 0.126791455396897845276 15.68949403006105747
0.159620985197506115583 38.57020330400883523 0.159620985197506115583 15.88574879794109052
0.200950914520760193227 42.23704612318432083 0.200950914520760193227 15.98533634704742035
0.252982212813478213320 45.91682256892340774 0.252982212813478213320 16.03674511408052439
0.318485736442795541734 49.60343499224916286 0.318485736442795541734 16.08229217950120216
0.400949786901833249431 53.29926403022653147 0.400949786901833249431 16.15295894399851306
0.504765875584155310207 57.01216214965366191 0.504765875584155310207 16.26618497967485766
0.635462587779443310865 60.75213292498717976 0.635462587779443310865 16.43016844509108765
0.799999999999997157829 64.53027748353800064 0.799999999999997157829 16.64460439505476330
1.007140329435344483500 68.35579636017607186 1.007140329435344483500 16.90463786040689698
1.267914553968893187630 72.23671278160473719 1.267914553968893187630 17.20679039992294790
1.596209851975103788391 76.17954631870233584 1.596209851975103788391 17.54749203716608719
2.009509145207672986544 80.18930219305570972 2.009509145207672986544 17.92515836426545661
2.529822128134711078928 84.27000983140268886 2.529822128134711078928 18.34051739909941148
3.184857364427998049905 88.42475593167156944 3.184857364427998049905 18.79540007241070043
4.009497869018190385759 92.65554525245515549 4.009497869018190385759 19.28867783783786294
5.009497869018204596614 96.81841309096114401 5.009497869018204596614 19.79339015729829043
6.009497869018204596614 100.26945191993377193 6.009497869018204596614 20.22551543377672445
7.009497869018204596614 103.21973172863712875 7.009497869018204596614 20.60217951663689462
8.009497869018204596614 105.79588984437656052 8.009497869018204596614 20.93525321921539728
9.009497869018204596614 108.08211610878724684 9.009497869018204596614 21.23137174164835272
10.009497869018190385759 110.13563627019735236 10.009497869018190385759 21.49355906932768079
11.009497869018190385759 111.99779760380637583 11.009497869018190385759 21.73465798979431440
12.009497869018190385759 113.70039850429260753 12.009497869018190385759 21.94362016935192017
13.009497869018190385759 115.26877708901898245 13.009497869018190385759 22.14273306463386248
14.009497869018190385759 116.71785023467560904 14.009497869018190385759 22.33743869175217966
15.009497869018190385759 118.06788047810518094 15.009497869018190385759 22.49895703125116242
16.009497869018204596614 119.33055884433763083 16.009497869018204596614 22.64341565601383621
17.009497869018204596614 120.51181623209953386 17.009497869018204596614 22.80373370402415034
18.009497869018204596614 121.62046034970596509 18.009497869018204596614 22.91926412828580339
19.009497869018204596614 122.67027305746434251 19.009497869018204596614 23.03126142325479719
20.009497869018204596614 123.66355728164406003 20.009497869018204596614 23.13856952336871942
21.009497869018204596614 124.60321392873447621 21.009497869018204596614 23.26867833319050050
22.009497869018190385759 125.49119350340532719 22.009497869018190385759 23.38630768463184140
23.009497869018190385759 126.33948650729995222 23.009497869018190385759 23.46125370614802819
24.009497869018190385759 127.15219402674721039 24.009497869018190385759 23.53846654962257645
25.009497869018190385759 127.92867661848293892 25.009497869018190385759 23.64284540509741817
26.009497869018190385759 128.67026182324232764 26.009497869018190385759 23.70873090627511459
27.009497869018204596614 129.37691045777572185 27.009497869018204596614 23.79004667128753425
28.009497869018190385759 130.05271473747319533 28.009497869018190385759 23.84651708785703761
29.009497869018190385759 130.70374928110555857 29.009497869018190385759 23.82421448939262376
30.009497869018190385759 131.33140536145791089 30.009497869018190385759 23.82069343605274980
31.009497869018190385759 131.93478424315202346 31.009497869018190385759 23.83094979088351906
32.009497869018190385759 132.51423722005020522 32.009497869018190385759 23.85784842196810374
33.009497869018218807469 133.06711964631887213 33.009497869018218807469 23.84572162541371654
34.009497869018190385759 133.59624764900763694 34.009497869018190385759 23.86556536671707462
35.009497869018218807469 134.10559536531300751 35.009497869018218807469 23.87246937826825643
36.009497869018190385759 134.59848462265603075 36.009497869018190385759 23.85714650846699669
37.009497869018218807469 135.07807166460915482 37.009497869018218807469 23.83989011524821322
38.009497869018190385759 135.54260229937742110 38.009497869018190385759 23.85333094779946705
39.009497869018190385759 135.99211871102383498 39.009497869018190385759 23.90584593175470474
40.009497869018190385759 136.42682174140861662 40.009497869018190385759 23.96742386682068116
41.009497869018190385759 136.84750957404710903 41.009497869018190385759 24.01272371889856672
42.009497869018190385759 137.25422816853580343 42.009497869018190385759 24.07171623374215841
43.009497869018190385759 137.64807683565629759 43.009497869018190385759 24.10651832853281462
44.009497869018218807469 138.03220361060530763 44.009497869018218807469 24.12584641022917253
46.009497869018218807469 138.77305801925476203 46.009497869018218807469 24.17634849635103933
48.009497869018218807469 139.47962727037119635 48.009497869018218807469 24.21679576704827141
50.009497869018218807469 140.14834843114658725 50.009497869018218807469 24.30488335427317281
52.009497869018190385759 140.78073232676035786 52.009497869018190385759 24.33229807507292719
54.009497869018190385759 141.37743169814112321 54.009497869018190385759 24.32468806420493834
56.009497869018190385759 141.94674645746582087 56.009497869018190385759 24.25577344235558641
58.009497869018190385759 142.49259365774852881 58.009497869018190385759 23.98968132709700640
60.009497869018190385759 143.01461071446649953 60.009497869018190385759 23.80898861371191444
62.009497869018190385759 143.50955960743868900 62.009497869018190385759 23.63266360753749140
64.009497869018190385759 143.97686222956869528 64.009497869018190385759 23.46121890892090889
66.009497869018218807469 144.41878615697254418 66.009497869018218807469 23.29747080123861025
68.009497869018218807469 144.82599465645893133 68.009497869018218807469 23.06934103692059068
70.009497869018218807469 145.21079943616217633 70.009497869018218807469 22.91968283402891160
72.009497869018218807469 145.57846328050965212 72.009497869018218807469 22.80636365471229610
74.009497869018190385759 145.93229502857576563 74.009497869018190385759 22.65583212299992155
76.009497869018190385759 146.27087581255344162 76.009497869018190385759 22.50818064541698504
78.009497869018190385759 146.59368460711854709 78.009497869018190385759 22.47208416666515873
80.009497869018190385759 146.90406238750620105 80.009497869018190385759 22.36368808169938660
82.009497869018190385759 147.20986421237185482 82.009497869018190385759 22.26741876259670505
84.009497869018190385759 147.50554070681417329 84.009497869018190385759 22.25237316061327064
86.009497869018190385759 147.79197738205431278 86.009497869018190385759 22.23893343899980479
88.009497869018218807469 148.06862499714083015 88.009497869018218807469 22.20792759473796707
91.009497869018190385759 148.46599738406831648 91.009497869018190385759 22.11944972789222064
94.009497869018218807469 148.84253421290046049 94.009497869018218807469 21.97760969555824317
97.009497869018190385759 149.19934604874924844 97.009497869018190385759 21.54067558455884424
99.504748934509109403734 149.47389704318138115 99.504748934509109403734 22.30404596271584339
nan nan nan nan

