Time Pressure difference Time.1 Pressure.1 difference.1
(hr) (psi) (hr) (psi)
0.000200000000006639311 0.04369805335364754 0.000200000000006639311 0.03512444362332871
0.000399999999999067768 0.08674156746327374 0.000399999999999067768 0.08907324343752002
0.000600000000005707079 0.12925527592265723 0.000600000000005707079 0.12900458269448678
0.000799999999998135536 0.17129710626293659 0.000799999999998135536 0.16890248613013381
0.001007140329434719206 0.21438283621247170 0.001007140329434719206 0.21001120501214743
0.001267914553963578328 0.26800983305032428 0.001267914553963578328 0.26108389905246993
0.001596209851982166583 0.33461483900783301 0.001596209851982166583 0.32381696519948339
0.002009509145224797066 0.41713059633235217 0.002009509145224797066 0.40051579129951004
0.002529822128138903281 0.51905534772500905 0.002529822128138903281 0.49377493466099992
0.003184857364431081805 0.64451641596469356 0.003184857364431081805 0.60643236117515342
0.004009497869020606231 0.79831858897796848 0.004009497869020606231 0.74147401270376045
0.005047658755842121536 0.98596369221335056 0.005047658755842121536 0.90186659707575467
0.006354625877790454069 1.21362188948437688 0.006354625877790454069 1.09029946474557149
0.008000000000009777068 1.48803227671990501 0.008000000000009777068 1.30882130405808517
0.010071403294347192059 1.81630673570078294 0.010071403294347192059 1.55835652777117906
0.012679145539706837553 2.20560764704076195 0.012679145539706837553 1.83812217080850293
0.015962098519750611558 2.66268302601155238 0.015962098519750611558 2.14500441380756790
0.020095091452091651263 3.19325692470415179 0.020095091452091651263 2.47300896762153632
0.025298221281360611101 3.80131130578470211 0.025298221281360611101 2.81292231222668043
0.031848573644296607199 4.48832037040531340 0.031848573644296607199 3.15255108662965311
0.040094978690177640601 5.25264271343236278 0.040094978690177640601 3.47749409787995001
0.050476587558421215363 6.08911136867727887 0.050476587558421215363 3.77290225867672024
0.063546258777961384112 6.98923663810579843 0.063546258777961384112 4.02570399048089378
0.079999999999998294697 7.94182109296388372 0.079999999999998294697 4.22697472213439873
0.100714032943542974863 8.93425325171674700 0.100714032943542974863 4.37400287553050759
0.126791455396897845276 9.95407288359484355 0.126791455396897845276 4.47066227738298938
0.159620985197506115583 10.99043427479821666 0.159620985197506115583 4.52658433489719236
0.200950914520760193227 12.03528733617617696 0.200950914520760193227 4.55496143222318928
0.252982212813478213320 13.08382578576849653 0.252982212813478213320 4.56961016691541921
0.318485736442795541734 14.13431212144734062 0.318485736442795541734 4.58258863179335307
0.400949786901833249431 15.18742469678497820 0.400949786901833249431 4.60272486038667239
0.504765875584155310207 16.24540104264324825 0.504765875584155310207 4.63498819313315913
0.635462587779443310865 17.31109163991570199 0.635462587779443310865 4.68171466446144002
0.799999999999997157829 18.38765971305114988 0.799999999999997157829 4.74281738138657172
1.007140329435344483500 19.47772691983511706 1.007140329435344483500 4.81691293871809378
1.267914553968893187630 20.58357944852178534 1.267914553968893187630 4.90301016771998022
1.596209851975103788391 21.70707502629690211 1.596209851975103788391 5.00009181704194994
2.009509145207672986544 22.84963987221480153 2.009509145207672986544 5.10770641562402794
2.529822128134711078928 24.01242215625990895 2.529822128134711078928 5.22606140942080000
3.184857364427998049905 25.19630142139028450 3.184857364427998049905 5.35567851525681249
4.009497869018190385759 26.40184891602216766 4.009497869018190385759 5.49623615809358501
5.009497869018204596614 27.58804243989753147 5.009497869018204596614 5.64005203406886846
6.009497869018204596614 28.57140296643273913 6.009497869018204596614 5.76318450532347448
7.009497869018204596614 29.41207409471918055 7.009497869018204596614 5.87051351818148071
8.009497869018204596614 30.14614065458041736 8.009497869018204596614 5.96542161622804290
9.009497869018204596614 30.79759222454690004 9.009497869018204596614 6.04979947477076774
10.009497869018190385759 31.38273506623903586 10.009497869018190385759 6.12450876706648906
11.009497869018190385759 31.91335093011687363 11.009497869018190385759 6.19320899709192751
12.009497869018190385759 32.39850064907262350 12.009497869018190385759 6.25275198374006358
13.009497869018190385759 32.84540422429036255 13.009497869018190385759 6.30948845390104562
14.009497869018190385759 33.25831216364412057 14.009497869018190385759 6.36496908958529861
15.009497869018190385759 33.64299820075039804 15.009497869018190385759 6.41099313256081516
16.009497869018204596614 34.00279364919298075 16.009497869018204596614 6.45215607402544844
17.009497869018204596614 34.33938849624341572 17.009497869018204596614 6.49783809845849447
18.009497869018204596614 34.65529246523880147 18.009497869018204596614 6.53075805805993337
19.009497869018204596614 34.95443264540650574 19.009497869018204596614 6.56267126576615212
20.009497869018204596614 35.23746524692008819 20.009497869018204596614 6.59324830504592541
21.009497869018204596614 35.50521687216627953 21.009497869018204596614 6.63032232074782968
22.009497869018190385759 35.75824331011011736 22.009497869018190385759 6.66384036174993355
23.009497869018190385759 35.99996120906934038 23.009497869018190385759 6.68519594852605170
24.009497869018190385759 36.23153915815915127 24.009497869018190385759 6.70719745768815390
25.009497869018190385759 36.45279495042793627 25.009497869018190385759 6.73693981973206046
26.009497869018190385759 36.66410686361206217 26.009497869018190385759 6.75571364533645724
27.009497869018204596614 36.86546373259201204 27.009497869018204596614 6.77888426654967358
28.009497869018190385759 37.05803161874236196 28.009497869018190385759 6.79497529922807963
29.009497869018190385759 37.24354146182039216 29.009497869018190385759 6.78862025773015620
30.009497869018190385759 37.42238969977026386 30.009497869018190385759 6.78761694683223471
31.009497869018190385759 37.59432024132826911 31.009497869018190385759 6.79053945654207780
32.009497869018190385759 37.75943318635839319 32.009497869018190385759 6.79820412023822218
33.009497869018218807469 37.91697495298333109 33.009497869018218807469 6.79474863519853223
34.009497869018190385759 38.06774798600754650 34.009497869018190385759 6.80040303460217732
35.009497869018218807469 38.21288470086876288 35.009497869018218807469 6.80237030671084675
36.009497869018190385759 38.35333163978908289 36.009497869018190385759 6.79800411262769266
37.009497869018218807469 38.48998816249615373 37.009497869018218807469 6.79308696832341674
38.009497869018190385759 38.62235441863979446 38.009497869018190385759 6.79691688297511742
39.009497869018190385759 38.75044242841001818 39.009497869018190385759 6.81188083001612554
40.009497869018190385759 38.87430942093901365 40.009497869018190385759 6.82942723086825865
41.009497869018190385759 38.99418283561556819 41.009497869018190385759 6.84233525323453762
42.009497869018190385759 39.11007576845375411 42.009497869018190385759 6.85914494832437871
43.009497869018190385759 39.22230146392357852 43.009497869018190385759 6.86906167425934999
44.009497869018218807469 39.33175694280689783 44.009497869018218807469 6.87456913839863493
46.009497869018218807469 39.54286061838979549 46.009497869018218807469 6.88895951777744653
48.009497869018218807469 39.74419486736383078 48.009497869018218807469 6.90048481534171287
50.009497869018218807469 39.93474444543424084 50.009497869018218807469 6.92558504180902279
52.009497869018190385759 40.11493985655000216 52.009497869018190385759 6.93339676332723265
54.009497869018190385759 40.28496709678214671 54.009497869018190385759 6.93122831937022532
56.009497869018190385759 40.44719119486929060 56.009497869018190385759 6.91159135723035600
58.009497869018190385759 40.60272830032619851 58.009497869018190385759 6.83576941040936248
60.009497869018190385759 40.75147509605766771 60.009497869018190385759 6.78428170175662082
62.009497869018190385759 40.89250892039919449 62.009497869018190385759 6.73403855483595226
64.009497869018190385759 41.02566504390935620 64.009497869018190385759 6.68518603318714089
66.009497869018218807469 41.15158960386851561 66.009497869018218807469 6.63852662615938982
68.009497869018218807469 41.26762213329205764 68.009497869018218807469 6.57352190836984551
70.009497869018218807469 41.37727080707846739 70.009497869018218807469 6.53087736668565721
72.009497869018218807469 41.48203523584414398 72.009497869018218807469 6.49858749300941785
74.009497869018190385759 41.58285826083071868 74.009497869018190385759 6.45569409956449380
76.009497869018190385759 41.67933558099640834 76.009497869018190385759 6.41362136670484073
78.009497869018190385759 41.77131873213593138 78.009497869018190385759 6.40333581093146975
80.009497869018190385759 41.85975971256897310 80.009497869018190385759 6.37244875446272818
82.009497869018190385759 41.94689679169736252 82.009497869018190385759 6.34501717428830947
84.009497869018190385759 42.03114869602769943 84.009497869018190385759 6.34072998662636245
86.009497869018190385759 42.11276774864988681 86.009497869018190385759 6.33690038853220194
88.009497869018218807469 42.19159744542184853 88.009497869018218807469 6.32806538989845269
91.009497869018190385759 42.30482721158936243 91.009497869018190385759 6.30285395472197596
94.009497869018218807469 42.41211996389099426 94.009497869018218807469 6.26243717131498379
97.009497869018190385759 42.51379215367585829 97.009497869018190385759 6.13793444076139050
99.504748934509109403734 42.59202442628286889 99.504748934509109403734 6.35545395711795535
nan nan nan nan

