Time Pressure difference Time.1 Pressure.1 difference.1
(hr) (psi) (hr) (psi)
0.000200000000006639311 0.77089962048415939 0.000200000000006639311 0.61964820354362915
0.000399999999999067768 1.53025218072001801 0.000399999999999067768 1.57138646441662688
0.000600000000005707079 2.28025816957895255 0.000600000000005707079 2.27583556262915332
0.000799999999998135536 3.02193951614803202 0.000799999999998135536 2.97969480248443563
0.001007140329434719206 3.78203682752190629 0.001007140329434719206 3.70491465445958212
0.001267914553963578328 4.72809799815194687 0.001267914553963578328 4.60591406818979898
0.001596209851982166583 5.90311083910045031 0.001596209851982166583 5.71262004644371668
0.002009509145224797066 7.35881335039149587 0.002009509145224797066 7.06570311066116741
0.002529822128138903281 9.15691981363931085 0.002529822128138903281 8.71093516807613000
0.003184857364431081805 11.37024243258468736 0.003184857364431081805 10.69838222073148160
0.004009497869020606231 14.08354491876227321 0.004009497869020606231 13.08072079015124345
0.005047658755842121536 17.39388777772608918 0.005047658755842121536 15.91028808048737098
0.006354625877790454069 21.41012201260174663 0.006354625877790454069 19.23452829315300505
0.008000000000009777068 26.25113544779454955 0.008000000000009777068 23.08958338291150270
0.010071403294347192059 32.04239241283456607 0.010071403294347192059 27.49176138615193565
0.012679145539706837553 38.91024811288890817 0.012679145539706837553 32.42724961709340192
0.015962098519750611558 46.97374772303398771 0.015962098519750611558 37.84111560207691127
0.020095091452091651263 56.33387216223361804 0.020095091452091651263 43.62761103256861617
0.025298221281360611101 67.06086926242824120 0.025298221281360611101 49.62419550814992419
0.031848573644296607199 79.18074615715032394 0.031848573644296607199 55.61575973582501575
0.040094978690177640601 92.66454598225016071 0.040094978690177640601 61.34824493429723447
0.050476587558421215363 107.42111565496708181 0.050476587558421215363 66.55969078986288423
0.063546258777961384112 123.30068408733814067 0.063546258777961384112 71.01949492640821404
0.079999999999998294697 140.10571173436284198 0.079999999999998294697 74.57021443765401614
0.100714032943542974863 157.61371302556901242 0.100714032943542974863 77.16401299284952131
0.126791455396897845276 175.60487068228638918 0.126791455396897845276 78.86923074251122046
0.159620985197506115583 193.88784994219494706 0.159620985197506115583 79.85578024771461969
0.200950914520760193227 212.32063508159859566 0.200950914520760193227 80.35639507789966274
0.252982212813478213320 230.81843603195369496 0.252982212813478213320 80.61482086916824130
0.318485736442795541734 249.35060063308046097 0.318485736442795541734 80.84378057975067122
0.400949786901833249431 267.92909606592365890 0.400949786901833249431 81.19901404644413390
0.504765875584155310207 286.59339575229125785 0.504765875584155310207 81.76818793546233621
0.635462587779443310865 305.39378647775811260 0.635462587779443310865 82.59251342021596543
0.799999999999997157829 324.38607229627967854 0.799999999999997157829 83.67045757729140121
1.007140329435344483500 343.61650320841198436 1.007140329435344483500 84.97761505097015799
1.267914553968893187630 363.12541102580883035 1.267914553968893187630 86.49650012864492510
1.596209851975103788391 382.94556886014350994 1.596209851975103788391 88.20916696102307242
2.009509145207672986544 403.10213736831769893 2.009509145207672986544 90.10765091714087305
2.529822128134711078928 423.61537200194362640 2.529822128134711078928 92.19561165676317671
3.184857364427998049905 444.50078922641353074 3.184857364427998049905 94.48225305217206937
4.009497869018190385759 465.76846672605142885 4.009497869018190385759 96.96190203429249266
5.009497869018204596614 486.69471096800361920 5.009497869018204596614 99.49903116706398976
6.009497869018204596614 504.04267497386058494 6.009497869018204596614 101.67127382032921901
7.009497869018204596614 518.87338261438560494 7.009497869018204596614 103.56471961320160347
8.009497869018204596614 531.82342475533380366 8.009497869018204596614 105.23904172024944614
9.009497869018204596614 543.31601377266713371 9.009497869018204596614 106.72759450774843515
10.009497869018190385759 553.63881673459422927 10.009497869018190385759 108.04557919258806464
11.009497869018190385759 562.99968150300514935 11.009497869018190385759 109.25755494869723350
12.009497869018190385759 571.55845484684721214 12.009497869018190385759 110.30798310937659323
13.009497869018190385759 579.44250848512228913 13.009497869018190385759 111.30890008297127736
14.009497869018190385759 586.72682779258968822 14.009497869018190385759 112.28766224079726044
15.009497869018190385759 593.51327014531375426 15.009497869018190385759 113.09959582913889165
16.009497869018204596614 599.86060494331013615 16.009497869018204596614 113.82577224931686999
17.009497869018204596614 605.79864611297352894 17.009497869018204596614 114.63167211431495218
18.009497869018204596614 611.37166896223152435 18.009497869018204596614 115.21242989218940522
19.009497869018204596614 616.64895327273745806 19.009497869018204596614 115.77542704700664444
20.009497869018204596614 621.64207558245811924 20.009497869018204596614 116.31485217392339848
21.009497869018204596614 626.36561840519743782 21.009497869018204596614 116.96889377168342605
22.009497869018190385759 630.82938669722568648 22.009497869018190385759 117.56020260822995738
23.009497869018190385759 635.09365529207241252 23.009497869018190385759 117.93694739380862302
24.009497869018190385759 639.17903986563783292 24.009497869018190385759 118.32508722525327016
25.009497869018190385759 643.08232601226643510 25.009497869018190385759 118.84978738583919267
26.009497869018190385759 646.81018712221271016 26.009497869018190385759 119.18098600735072523
27.009497869018204596614 650.36242622591566942 27.009497869018204596614 119.58975074007442174
28.009497869018190385759 653.75961440611513353 28.009497869018190385759 119.87362084487273250
29.009497869018190385759 657.03228805286926217 29.009497869018190385759 119.76150832033388838
30.009497869018190385759 660.18744092990937133 30.009497869018190385759 119.74380840166300288
31.009497869018190385759 663.22055520079106827 31.009497869018190385759 119.79536588428004507
32.009497869018190385759 666.13339677820943052 32.009497869018190385759 119.93058212118373262
33.009497869018218807469 668.91267134036638708 33.009497869018218807469 119.86962214925712544
34.009497869018190385759 671.57253522485018493 34.009497869018190385759 119.96937428967991934
35.009497869018218807469 674.13296594928851846 35.009497869018218807469 120.00407993914417659
36.009497869018190385759 676.61066194722252476 36.009497869018190385759 119.92705368503571606
37.009497869018218807469 679.02148928177177822 37.009497869018218807469 119.84030783740367099
38.009497869018190385759 681.35662983826807704 38.009497869018190385759 119.90787331286291817
39.009497869018190385759 683.61629567100692384 39.009497869018190385759 120.17185992575616638
40.009497869018190385759 685.80149638826367209 40.009497869018190385759 120.48140492192116824
41.009497869018190385759 687.91624436416145727 41.009497869018190385759 120.70912192026966636
42.009497869018190385759 689.96077063215579983 42.009497869018190385759 121.00567031477912394
43.009497869018190385759 691.94060129751971999 43.009497869018190385759 121.18061632891493673
44.009497869018218807469 693.87156116083860979 44.009497869018218807469 121.27777630948536114
46.009497869018218807469 697.59574864517855985 46.009497869018218807469 121.53164432305496234
48.009497869018218807469 701.14758869783361206 48.009497869018218807469 121.73496796876416681
50.009497869018218807469 704.50917087700020147 50.009497869018218807469 122.17777385078181851
52.009497869018190385759 707.68808992215554099 52.009497869018190385759 122.31558440964080603
54.009497869018190385759 710.68762708474162082 54.009497869018190385759 122.27732978511622264
56.009497869018190385759 713.54950504156192892 56.009497869018190385759 121.93090413227136537
58.009497869018190385759 716.29341435481126155 58.009497869018190385759 120.59329054212743415
60.009497869018190385759 718.91753235497947117 60.009497869018190385759 119.68496964419699680
62.009497869018190385759 721.40558189760838559 62.009497869018190385759 118.79860469380406585
64.009497869018190385759 723.75465690670273489 64.009497869018190385759 117.93677247226371207
66.009497869018218807469 725.97615621918987472 66.009497869018218807469 117.11363010300054555
68.009497869018218807469 728.02314518166190282 68.009497869018218807469 115.96684876086425220
70.009497869018218807469 729.95751329468635049 70.009497869018218807469 115.21453467643564750
72.009497869018218807469 731.80571595309959321 72.009497869018218807469 114.64489256535482298
74.009497869018190385759 733.58438629956083332 74.009497869018190385759 113.88818836024152858
76.009497869018190385759 735.28639185342717610 76.009497869018190385759 113.14596184658539357
78.009497869018190385759 736.90911348202064346 78.009497869018190385759 112.96450911737592548
80.009497869018190385759 738.46934587267912775 80.009497869018190385759 112.41961481929530464
82.009497869018190385759 740.00657547617049659 82.009497869018190385759 111.93568033885979673
84.009497869018190385759 741.49290624124341775 84.009497869018190385759 111.86004787727638643
86.009497869018190385759 742.93278952806883808 86.009497869018190385759 111.79248798636997719
88.009497869018218807469 744.32346436734781037 88.009497869018218807469 111.63662527462365404
91.009497869018190385759 746.32100835539733907 91.009497869018190385759 111.19185750311410743
94.009497869018218807469 748.21381445732220072 94.009497869018218807469 110.47884443734923821
97.009497869018190385759 750.00746535258360836 97.009497869018190385759 108.28242834173397569
99.504748934509109403734 751.38760072782042698 99.504748934509109403734 112.11980094160922761
nan nan nan nan

