Time Pressure difference Time.1 Pressure.1 difference.1
(hr) (psi) (hr) (psi)
0.000200000000006639311 0.05441644379888184 0.000200000000006639311 0.04373987319131500
0.000399999999999067768 0.10801780099200127 0.000399999999999067768 0.11092139748823247
0.000600000000005707079 0.16095940020557314 0.000600000000005707079 0.16064721618558733
0.000799999999998135536 0.21331337761044933 0.000799999999998135536 0.21033139782243077
0.001007140329434719206 0.26696730547213454 0.001007140329434719206 0.26152338737361752
0.001267914553963578328 0.33374809398719624 0.001267914553963578328 0.32512334598986820
0.001596209851982166583 0.41669017687767884 0.001596209851982166583 0.40324376798426237
0.002009509145224797066 0.51944564826292916 0.002009509145224797066 0.49875551369372950
0.002529822128138903281 0.64637081037453958 0.002529822128138903281 0.61488954127596218
0.003184857364431081805 0.80260534818244855 0.003184857364431081805 0.75517992146339874
0.004009497869020606231 0.99413258250086634 0.004009497869020606231 0.92334499695185257
0.005047658755842121536 1.22780384313360624 0.005047658755842121536 1.12307915862263785
0.006354625877790454069 1.51130273030129958 0.006354625877790454069 1.35773140892844757
0.008000000000009777068 1.85302132572667433 0.008000000000009777068 1.62985294467610609
0.010071403294347192059 2.26181593502361666 0.010071403294347192059 1.94059492137543055
0.012679145539706837553 2.74660574914509992 0.012679145539706837553 2.28898232591247552
0.015962098519750611558 3.31579395692004653 0.015962098519750611558 2.67113757191131107
0.020095091452091651263 3.97650862321649123 0.020095091452091651263 3.07959607288719628
0.025298221281360611101 4.73370841852434676 0.025298221281360611101 3.50288438881058317
0.031848573644296607199 5.58922914050472919 0.031848573644296607199 3.92581833429353022
0.040094978690177640601 6.54102677521765941 0.040094978690177640601 4.33046434830333471
0.050476587558421215363 7.58266698740944189 0.050476587558421215363 4.69833111457855690
0.063546258777961384112 8.70357770028269151 0.063546258777961384112 5.01314081833469771
0.079999999999998294697 9.88981494595502397 0.079999999999998294697 5.26377984265793053
0.100714032943542974863 11.12567386062840136 0.100714032943542974863 5.44687150537761333
0.126791455396897845276 12.39563793051433471 0.126791455396897845276 5.56723981711843940
0.159620985197506115583 13.68620117239023237 0.159620985197506115583 5.63687860572103183
0.200950914520760193227 14.98733894693637403 0.200950914520760193227 5.67221612314585855
0.252982212813478213320 16.29306607284378927 0.252982212813478213320 5.69045794370599278
0.318485736442795541734 17.60121886821744397 0.318485736442795541734 5.70661980562945903
0.400949786901833249431 18.91264207524167063 0.400949786901833249431 5.73169510916076241
0.504765875584155310207 20.23012205310291378 0.504765875584155310207 5.77187208956204678
0.635462587779443310865 21.55720845725351253 0.635462587779443310865 5.83005977083877358
0.799999999999997157829 22.89784039738445287 0.799999999999997157829 5.90614994663233528
1.007140329435344483500 24.25528257941731525 1.007140329435344483500 5.99841988595083464
1.267914553968893187630 25.63238195476297321 1.267914553968893187630 6.10563530319846581
1.596209851975103788391 27.03145191953954196 1.596209851975103788391 6.22652943254280444
2.009509145207672986544 28.45426852011654617 2.009509145207672986544 6.36054006473935551
2.529822128134711078928 29.90226155307837530 2.529822128134711078928 6.50792552871269514
3.184857364427998049905 31.37652629833507234 3.184857364427998049905 6.66933550956508725
4.009497869018190385759 32.87777412183892523 4.009497869018190385759 6.84436955536182356
5.009497869018204596614 34.35492077421201884 5.009497869018204596614 7.02346102355745838
6.009497869018204596614 35.57948293933134210 6.009497869018204596614 7.17679579908206300
7.009497869018204596614 36.62635641983897727 7.009497869018204596614 7.31045079622599481
8.009497869018204596614 37.54047704155297538 8.009497869018204596614 7.42863823907643095
9.009497869018204596614 38.35171861924709447 9.009497869018204596614 7.53371255348812507
10.009497869018190385759 39.08038706361841719 10.009497869018190385759 7.62674676653562855
11.009497869018190385759 39.74115398844742231 11.009497869018190385759 7.71229799637862801
12.009497869018190385759 40.34530269507156675 12.009497869018190385759 7.78644586654423065
13.009497869018190385759 40.90182412836157511 13.009497869018190385759 7.85709882938620741
14.009497869018190385759 41.41601137359457141 14.009497869018190385759 7.92618792287980600
15.009497869018190385759 41.89505436319861076 15.009497869018190385759 7.98350088205686337
16.009497869018204596614 42.34310152541012684 16.009497869018204596614 8.03476039406942633
17.009497869018204596614 42.76225737268048022 17.009497869018204596614 8.09164744336340824
18.009497869018204596614 43.15564722086340765 18.009497869018204596614 8.13264211003689930
19.009497869018204596614 43.52816140748734597 19.009497869018204596614 8.17238308567105598
20.009497869018204596614 43.88061709993822035 20.009497869018204596614 8.21046015345341651
21.009497869018204596614 44.21404365213159338 21.009497869018204596614 8.25662779564824234
22.009497869018190385759 44.52913317862769560 22.009497869018190385759 8.29836724293387995
23.009497869018190385759 44.83014037355804504 23.009497869018190385759 8.32496099250413835
24.009497869018190385759 45.11852046110384862 24.009497869018190385759 8.35235909825317258
25.009497869018190385759 45.39404654204233935 25.009497869018190385759 8.38939675664747142
26.009497869018190385759 45.65718967921501559 26.009497869018190385759 8.41277548287181531
27.009497869018204596614 45.90793596888816097 27.009497869018204596614 8.44162946400525449
28.009497869018190385759 46.14773748749048821 28.009497869018190385759 8.46166735375572188
29.009497869018190385759 46.37874974490841851 29.009497869018190385759 8.45375352849415584
30.009497869018190385759 46.60146641858183614 30.009497869018190385759 8.45250412247033012
31.009497869018190385759 46.81556860240878137 31.009497869018190385759 8.45614347418447387
32.009497869018190385759 47.02118094905007695 32.009497869018190385759 8.46568814973061556
33.009497869018218807469 47.21736503579056432 33.009497869018218807469 8.46138509288873841
34.009497869018190385759 47.40512013351883525 34.009497869018190385759 8.46842642044799376
35.009497869018218807469 47.58585641994978488 35.009497869018218807469 8.47087623099841203
36.009497869018190385759 47.76075260803924039 36.009497869018190385759 8.46543908364957964
37.009497869018218807469 47.93092865518389090 37.009497869018218807469 8.45931584734614184
38.009497869018190385759 48.09576210623069414 38.009497869018190385759 8.46408517502561786
39.009497869018190385759 48.25526792971813705 39.009497869018190385759 8.48271952417102426
40.009497869018190385759 48.40951739211273264 40.009497869018190385759 8.50456975919443359
41.009497869018190385759 48.55879371982316428 41.009497869018190385759 8.52064390025432949
42.009497869018190385759 48.70311322109335350 42.009497869018190385759 8.54157672810205426
43.009497869018190385759 48.84286597394256546 43.009497869018190385759 8.55392585851164355
44.009497869018218807469 48.97916902311801834 44.009497869018218807469 8.56078421008131940
46.009497869018218807469 49.24205284554201256 46.009497869018218807469 8.57870430515681903
48.009497869018218807469 49.49277096690590128 48.009497869018218807469 8.59305656250099936
50.009497869018218807469 49.73005912072942891 50.009497869018218807469 8.62431344829048108
52.009497869018190385759 49.95445340626981334 52.009497869018190385759 8.63404125244523435
54.009497869018190385759 50.16618544127588564 54.009497869018190385759 8.63134092600820502
56.009497869018190385759 50.36820035587496847 56.009497869018190385759 8.60688735051327392
58.009497869018190385759 50.56188807210432401 58.009497869018190385759 8.51246756767958246
60.009497869018190385759 50.74711993093973206 60.009497869018190385759 8.44835079841390524
62.009497869018190385759 50.92274695747823898 62.009497869018190385759 8.38578386073911020
64.009497869018190385759 51.08856401694372806 64.009497869018190385759 8.32494864510096733
66.009497869018218807469 51.24537573311928185 66.009497869018218807469 8.26684447785886256
68.009497869018218807469 51.38986907164671436 68.009497869018218807469 8.18589520664924031
70.009497869018218807469 51.52641270315432820 70.009497869018218807469 8.13279068304251673
72.009497869018218807469 51.65687406727761299 72.009497869018218807469 8.09258065167210461
74.009497869018190385759 51.78242726820430164 74.009497869018190385759 8.03916623719351975
76.009497869018190385759 51.90256883671250421 76.009497869018190385759 7.98677377740602790
78.009497869018190385759 52.01711389284852061 78.009497869018190385759 7.97396534946183078
80.009497869018190385759 52.12724794395381878 80.009497869018190385759 7.93550222253849213
82.009497869018190385759 52.23575826890614593 82.009497869018190385759 7.90134214156657322
84.009497869018190385759 52.34067573467600454 84.009497869018190385759 7.89600337957245024
86.009497869018190385759 52.44231455492250404 86.009497869018190385759 7.89123444609670521
88.009497869018218807469 52.54047983769513763 88.009497869018218807469 7.88023237232637630
91.009497869018190385759 52.68148294273392196 91.009497869018190385759 7.84883700021981934
94.009497869018218807469 52.81509278522273831 94.009497869018218807469 7.79850666616582888
97.009497869018190385759 52.94170343665295775 97.009497869018190385759 7.64346553000475115
99.504748934509109403734 53.03912475725790898 99.504748934509109403734 7.91433888999594526
nan nan nan nan

