Time Pressure difference Time.1 Pressure.1 difference.1
(hr) (psi) (hr) (psi)
0.000200000000006639311 0.25229442124936130 0.000200000000006639311 0.20279395752336957
0.000399999999999067768 0.50080980459927860 0.000399999999999067768 0.51427193380907787
0.000600000000005707079 0.74626631004402089 0.000600000000005707079 0.74481891140590484
0.000799999999998135536 0.98899838710299248 0.000799999999998135536 0.97517284444945174
0.001007140329434719206 1.23775750718898769 0.001007140329434719206 1.21251752327768125
0.001267914553963578328 1.54737752666790995 0.001267914553963578328 1.50739005868029796
0.001596209851982166583 1.93192718370560179 0.001596209851982166583 1.86958474247248918
0.002009509145224797066 2.40833891467358008 0.002009509145224797066 2.31241192712547283
0.002529822128138903281 2.99681012082741072 0.002529822128138903281 2.85085150955218802
0.003184857364431081805 3.72117025066407958 0.003184857364431081805 3.50128872678484848
0.004009497869020606231 4.60916015523128930 0.004009497869020606231 4.28096316768586238
0.005047658755842121536 5.69254509089217464 0.005047658755842121536 5.20700337179586636
0.006354625877790454069 7.00694902230602601 0.006354625877790454069 6.29493653230462069
0.008000000000009777068 8.59128069200549049 0.008000000000009777068 7.55659092531649179
0.010071403294347192059 10.48660115329131415 0.010071403294347192059 8.99730372637699638
0.012679145539706837553 12.73426301876364342 0.012679145539706837553 10.61255442013965933
0.015962098519750611558 15.37322652753839591 0.015962098519750611558 12.38436510613426300
0.020095091452091651263 18.43653998036736752 0.020095091452091651263 14.27812724702245539
0.025298221281360611101 21.94719357679469951 0.025298221281360611101 16.24064580266724889
0.031848573644296607199 25.91369874234010595 0.031848573644296607199 18.20152136808818710
0.040094978690177640601 30.32657868510005628 0.040094978690177640601 20.07760743304272921
0.050476587558421215363 35.15600148708013251 0.050476587558421215363 21.78317153122785754
0.063546258777961384112 40.35295115585611825 0.063546258777961384112 23.24274379409723679
0.079999999999998294697 45.85277838579148124 0.079999999999998294697 24.40479745232313391
0.100714032943542974863 51.58266971745894836 0.100714032943542974863 25.25367697947802270
0.126791455396897845276 57.47068495056645787 0.126791455396897845276 25.81174824300367376
0.159620985197506115583 63.45420543562744342 0.159620985197506115583 26.13461899016114742
0.200950914520760193227 69.48675329943228007 0.200950914520760193227 26.29845657094897859
0.252982212813478213320 75.54057906500301556 0.252982212813478213320 26.38303228445505866
0.318485736442795541734 81.60565111628088175 0.318485736442795541734 26.45796455337294617
0.400949786901833249431 87.68588598521138522 0.400949786901833249431 26.57422277883626549
0.504765875584155310207 93.79420224620442070 0.504765875584155310207 26.76049786978767031
0.635462587779443310865 99.94705739272083633 0.635462587779443310865 27.03027711934340616
0.799999999999997157829 106.16271456969154485 0.799999999999997157829 27.38305884347719044
1.007140329435344483500 112.45631014093481781 1.007140329435344483500 27.81085583486295931
1.267914553968893187630 118.84104360844651183 1.267914553968893187630 28.30794549664743087
1.596209851975103788391 125.32764071786513682 1.596209851975103788391 28.86845464178936993
2.009509145207672986544 131.92433586599489104 2.009509145207672986544 29.48977666379155949
2.529822128134711078928 138.63775810972703084 2.529822128134711078928 30.17310926948613314
3.184857364427998049905 145.47298556500805944 3.184857364427998049905 30.92146463525631361
4.009497869018190385759 152.43331638307139997 4.009497869018190385759 31.73298612031391031
5.009497869018204596614 159.28190540771026917 5.009497869018204596614 32.56331929103912870
6.009497869018204596614 164.95942090053620177 6.009497869018204596614 33.27423506847138412
7.009497869018204596614 169.81310703743525892 7.009497869018204596614 33.89390823704778910
8.009497869018204596614 174.05130264720014566 8.009497869018204596614 34.44186819935436006
9.009497869018204596614 177.81251359832742764 9.009497869018204596614 34.92903092980857593
10.009497869018190385759 181.19088547677628753 10.009497869018190385759 35.36037137211972947
11.009497869018190385759 184.25444121916532936 11.009497869018190385759 35.75701798320999814
12.009497869018190385759 187.05549431351366252 12.009497869018190385759 36.10079447215961324
13.009497869018190385759 189.63573004967639690 13.009497869018190385759 36.42836729988151490
14.009497869018190385759 192.01968909575666089 14.009497869018190385759 36.74868946062456132
15.009497869018190385759 194.24070659301173691 15.009497869018190385759 37.01441318044545881
16.009497869018204596614 196.31801616326512772 16.009497869018204596614 37.25207091795824965
17.009497869018204596614 198.26137509151860172 17.009497869018204596614 37.51581996468489422
18.009497869018204596614 200.08527347854851541 18.009497869018204596614 37.70588614653471637
19.009497869018204596614 201.81238470744133906 19.009497869018204596614 37.89013976083853663
20.009497869018204596614 203.44649746334991391 20.009497869018204596614 38.06667889328402055
21.009497869018204596614 204.99238420533737326 21.009497869018204596614 38.28072887073275155
22.009497869018190385759 206.45325382818296589 22.009497869018190385759 38.47424812632980462
23.009497869018190385759 207.84883264104186651 23.009497869018190385759 38.59754641979191803
24.009497869018190385759 209.18586759239059347 24.009497869018190385759 38.72457400099197855
25.009497869018190385759 210.46330669492354559 25.009497869018190385759 38.89629405354736491
26.009497869018190385759 211.68333396726961837 26.009497869018190385759 39.00468632967842098
27.009497869018204596614 212.84588494666326142 27.009497869018204596614 39.13846387856981579
28.009497869018190385759 213.95769198745588824 28.009497869018190385759 39.23136682195835334
29.009497869018190385759 215.02874881730264178 29.009497869018190385759 39.19467545029109345
30.009497869018190385759 216.06134430433397142 30.009497869018190385759 39.18888274963516949
31.009497869018190385759 217.05399988389527266 31.009497869018190385759 39.20575610758255891
32.009497869018190385759 218.00729349105034771 32.009497869018190385759 39.25000869420559013
33.009497869018218807469 218.91687425684716573 33.009497869018218807469 39.23005815793869999
34.009497869018190385759 219.78737516449641021 34.009497869018190385759 39.26270431298615904
35.009497869018218807469 220.62533431067626566 35.009497869018218807469 39.27406252553809196
36.009497869018190385759 221.43621663727282112 36.009497869018190385759 39.24885393328441552
37.009497869018218807469 222.22521467403439033 37.009497869018218807469 39.22046438315029349
38.009497869018190385759 222.98944249252411964 38.009497869018190385759 39.24257672057331803
39.009497869018190385759 223.72896949232955421 39.009497869018190385759 39.32897233933838521
40.009497869018190385759 224.44412609070448639 40.009497869018190385759 39.43027797444692339
41.009497869018190385759 225.13622542827098982 41.009497869018190385759 39.50480353754280571
42.009497869018190385759 225.80534311597827468 42.009497869018190385759 39.60185573938225900
43.009497869018190385759 226.45328769737005814 43.009497869018190385759 39.65911079855398214
44.009497869018218807469 227.08523819809261113 44.009497869018218807469 39.69090861037702211
46.009497869018218807469 228.30406319296753281 46.009497869018218807469 39.77399268754525963
48.009497869018218807469 229.46648357383645589 48.009497869018218807469 39.84053497159554524
50.009497869018218807469 230.56663774156371005 50.009497869018218807469 39.98545326025585922
52.009497869018190385759 231.60701124725090949 52.009497869018190385759 40.03055489770063247
54.009497869018190385759 232.58867795500634656 54.009497869018190385759 40.01803520240166989
56.009497869018190385759 233.52529255905668037 56.009497869018190385759 39.90465953419790424
58.009497869018190385759 234.42329924339276204 58.009497869018190385759 39.46689508651442679
60.009497869018190385759 235.28210149799329542 60.009497869018190385759 39.16962642900992364
62.009497869018190385759 236.09637225739913902 62.009497869018190385759 38.87954335433587261
64.009497869018190385759 236.86516044219362698 64.009497869018190385759 38.59748917274085045
66.009497869018218807469 237.59219658082579940 66.009497869018218807469 38.32809712461836682
68.009497869018218807469 238.26212024127113409 68.009497869018218807469 37.95278686719193217
70.009497869018218807469 238.89518616917004579 70.009497869018218807469 37.70657498501530114
72.009497869018218807469 239.50005249374169125 72.009497869018218807469 37.52014665775248403
74.009497869018190385759 240.08216278894718698 74.009497869018190385759 37.27249800880632336
76.009497869018190385759 240.63918278839437903 76.009497869018190385759 37.02958751342794841
78.009497869018190385759 241.17025532138856647 78.009497869018190385759 36.97020298386848225
80.009497869018190385759 241.68087683105864016 80.009497869018190385759 36.79187394086027751
82.009497869018190385759 242.18397015583758503 82.009497869018190385759 36.63349538362683688
84.009497869018190385759 242.67040567895236336 84.009497869018190385759 36.60874294165408571
86.009497869018190385759 243.14164020918619258 86.009497869018190385759 36.58663243190290615
88.009497869018218807469 243.59677015658655819 88.009497869018218807469 36.53562281714955873
91.009497869018190385759 244.25051182540272521 91.009497869018190385759 36.39006245556461749
94.009497869018218807469 244.86997564057813292 94.009497869018218807469 36.15671272495065836
97.009497869018190385759 245.45698866084552492 97.009497869018190385759 35.43788563911293465
99.504748934509109403734 245.90866932910483911 99.504748934509109403734 36.69375303543574773
nan nan nan nan

