Time Pressure difference Time.1 Pressure.1 difference.1
(hr) (psi) (hr) (psi)
0.000200000000006639311 0.64969935929574085 0.000200000000006639311 0.52222757689024579
0.000399999999999067768 1.28966707851056084 0.000399999999999067768 1.32433426092010897
0.000600000000005707079 1.92175768730290342 0.000600000000005707079 1.91803039930670893
0.000799999999998135536 2.54683244783384977 0.000799999999998135536 2.51122941642538544
0.001007140329434719206 3.18742782897033372 0.001007140329434719206 3.12243074621834271
0.001267914553963578328 3.98474997063501046 0.001267914553963578328 3.88177570666691141
0.001596209851982166583 4.97502817241834716 0.001596209851982166583 4.81448619956967772
0.002009509145224797066 6.20186622471497184 0.002009509145224797066 5.95483855743422463
0.002529822128138903281 7.71727573598692729 0.002529822128138903281 7.34140846250694157
0.003184857364431081805 9.58262142981469012 0.003184857364431081805 9.01639057747209272
0.004009497869020606231 11.86934053046488913 0.004009497869020606231 11.02417966057666376
0.005047658755842121536 14.65923376347396712 0.005047658755842121536 13.40888449991876641
0.006354625877790454069 18.04403865874885327 0.006354625877790454069 16.21049015508510038
0.008000000000009777068 22.12395158594877742 0.008000000000009777068 19.45945636976926352
0.010071403294347192059 27.00471146664560251 0.010071403294347192059 23.16952724308847422
0.012679145539706837553 32.79280803524755328 0.012679145539706837553 27.32906170937924983
0.015962098519750611558 39.58857027353025160 0.015962098519750611558 31.89176373736535552
0.020095091452091651263 47.47710295597870811 0.020095091452091651263 36.76851068841077108
0.025298221281360611101 56.51760960298765468 0.025298221281360611101 41.82231664216272549
0.031848573644296607199 66.73200852602616351 0.031848573644296607199 46.87189162762578576
0.040094978690177640601 78.09589543744719720 0.040094978690177640601 51.70311979489434862
0.050476587558421215363 90.53244827391878857 0.050476587558421215363 56.09522603466519541
0.063546258777961384112 103.91544284579940438 0.063546258777961384112 59.85386310375366747
0.079999999999998294697 118.07839662746302167 0.079999999999998294697 62.84634115173407309
0.100714032943542974863 132.83380306326031928 0.100714032943542974863 65.03234463996301429
0.126791455396897845276 147.99640438250446550 0.126791455396897845276 66.46946933165651217
0.159620985197506115583 163.40494733096215896 0.159620985197506115583 67.30091426224505824
0.200950914520760193227 178.93974379069487668 0.200950914520760193227 67.72282280362024665
0.252982212813478213320 194.52933432425615479 0.252982212813478213320 67.94061908545944561
0.318485736442795541734 210.14788588114160461 0.318485736442795541734 68.13358192175778072
0.400949786901833249431 225.80548417106723491 0.400949786901833249431 68.43296584876789268
0.504765875584155310207 241.53539663401662096 0.504765875584155310207 68.91265464507412730
0.635462587779443310865 257.38000400478438223 0.635462587779443310865 69.60738029425687046
0.799999999999997157829 273.38633686574166859 0.799999999999997157829 70.51585087797393214
1.007140329435344483500 289.59337382698248575 1.007140329435344483500 71.61749803226148003
1.267914553968893187630 306.03510576292768519 1.267914553968893187630 72.89758513515742777
1.596209851975103788391 322.73915322116903326 1.596209851975103788391 74.34098777035954697
2.009509145207672986544 339.72672111896724800 2.009509145207672986544 75.94099350022139561
2.529822128134711078928 357.01488036099641477 2.529822128134711078928 77.70068661553945333
3.184857364427998049905 374.61670792557629284 3.184857364427998049905 79.62782396268619323
4.009497869018190385759 392.54069709104652475 4.009497869018190385759 81.71762438825933828
5.009497869018204596614 410.17693287998594087 5.009497869018204596614 83.85586797823147265
6.009497869018204596614 424.79746297262266808 6.009497869018204596614 85.68659226782827432
7.009497869018204596614 437.29649786110786636 7.009497869018204596614 87.28235193069824049
8.009497869018204596614 448.21054407187483548 8.009497869018204596614 88.69343836957921212
9.009497869018204596614 457.89627684798040264 9.009497869018204596614 89.94796200225216865
10.009497869018190385759 466.59613645653502090 10.009497869018190385759 91.05873412166781122
11.009497869018190385759 474.48529307419045153 11.009497869018190385759 92.08016395676300192
12.009497869018190385759 481.69846248055148408 12.009497869018190385759 92.96544458843717962
13.009497869018190385759 488.34299110831699409 13.009497869018190385759 93.80899814479290910
14.009497869018190385759 494.48207518776547431 14.009497869018190385759 94.63388004892858874
15.009497869018190385759 500.20155815455308357 15.009497869018190385759 95.31816204637587475
16.009497869018204596614 505.55096972762396490 16.009497869018204596614 95.93016955343496477
17.009497869018204596614 510.55543651018513174 17.009497869018204596614 96.60936644500554848
18.009497869018204596614 515.25227287939947018 18.009497869018204596614 97.09881791983450228
19.009497869018204596614 519.69986650151565755 19.009497869018204596614 97.57330108346656061
20.009497869018204596614 523.90797385986843437 20.009497869018204596614 98.02791819577716126
21.009497869018204596614 527.88888481635899552 21.009497869018204596614 98.57913186319416354
22.009497869018190385759 531.65086279937304425 22.009497869018190385759 99.07747556714994630
23.009497869018190385759 535.24470627823848190 23.009497869018190385759 99.39498881959487164
24.009497869018190385759 538.68778974772476431 24.009497869018190385759 99.72210559732576485
25.009497869018190385759 541.97740416862666279 25.009497869018190385759 100.16431279148798694
26.009497869018190385759 545.11917374577933515 26.009497869018190385759 100.44344061368167331
27.009497869018204596614 548.11293247702838016 27.009497869018204596614 100.78793966115364356
28.009497869018190385759 550.97601727488643064 28.009497869018190385759 101.02717992059862695
29.009497869018190385759 553.73416362102784660 29.009497869018190385759 100.93269364323326442
30.009497869018190385759 556.39326572488619149 30.009497869018190385759 100.91777649252453841
31.009497869018190385759 558.94951604088066688 31.009497869018190385759 100.96122814632371956
32.009497869018190385759 561.40440284623423395 32.009497869018190385759 101.07518578769281703
33.009497869018218807469 563.74672194246920753 33.009497869018218807469 101.02380989691403101
34.009497869018190385759 565.98840401837640002 34.009497869018190385759 101.10787908050029671
35.009497869018218807469 568.14628574121866222 35.009497869018218807469 101.13712833373863020
36.009497869018190385759 570.23444022931687414 36.009497869018190385759 101.07221208963437675
37.009497869018218807469 572.26623909522584199 37.009497869018218807469 100.99910435922363661
38.009497869018190385759 574.23425060166334788 38.009497869018190385759 101.05604724121495508
39.009497869018190385759 576.13865346390753075 39.009497869018190385759 101.27853007646616845
40.009497869018190385759 577.98029856037624086 40.009497869018190385759 101.53940864007901723
41.009497869018190385759 579.76256744273700861 41.009497869018190385759 101.73132414243048061
42.009497869018190385759 581.48565482153878747 42.009497869018190385759 101.98124942037000551
43.009497869018190385759 583.15421799192040453 43.009497869018190385759 102.12869055313902322
44.009497869018218807469 584.78159379116664240 44.009497869018218807469 102.21057511430423403
46.009497869018218807469 587.92026730738041351 46.009497869018218807469 102.42453018884204141
48.009497869018218807469 590.91368972608870536 48.009497869018218807469 102.59588744319376019
50.009497869018218807469 593.74676647173930633 50.009497869018218807469 102.96907571595301079
52.009497869018190385759 596.42589824455467351 52.009497869018190385759 103.08521980192186618
54.009497869018190385759 598.95385042008172150 54.009497869018190385759 103.05297954082523404
56.009497869018190385759 601.36578606711327666 56.009497869018190385759 102.76101866976452470
58.009497869018190385759 603.67830001239701687 58.009497869018190385759 101.63370368684108769
60.009497869018190385759 605.88985614515911493 60.009497869018190385759 100.86818832045693739
62.009497869018190385759 607.98673640140691532 62.009497869018190385759 100.12117700397604381
64.009497869018190385759 609.96649159623723335 64.009497869018190385759 99.39484139908427096
66.009497869018218807469 611.83872844996960794 66.009497869018218807469 98.70111285686036240
68.009497869018218807469 613.56389134026687771 68.009497869018218807469 97.73462761878185745
70.009497869018218807469 615.19413954675167133 70.009497869018218807469 97.10059179147732777
72.009497869018218807469 616.75176916689031259 72.009497869018218807469 96.62050838663058983
74.009497869018190385759 618.25079829310573132 74.009497869018190385759 95.98277265012868043
76.009497869018190385759 619.68521580802200788 76.009497869018190385759 95.35723843327195937
78.009497869018190385759 621.05281435703989246 78.009497869018190385759 95.20431356630186315
80.009497869018190385759 622.36774817932746373 80.009497869018190385759 94.74508714182320546
82.009497869018190385759 623.66329569542494937 82.009497869018190385759 94.33723647809787849
84.009497869018190385759 624.91594665037405321 84.009497869018190385759 94.27349489550138628
86.009497869018190385759 626.12945256483226331 86.009497869018190385759 94.21655672006367865
88.009497869018218807469 627.30148654702691147 88.009497869018218807469 94.08519862716944715
91.009497869018190385759 628.98497816476265143 91.009497869018190385759 93.71035691171540805
94.009497869018218807469 630.58019870841701504 94.009497869018218807469 93.10944322634352943
97.009497869018190385759 632.09185315276556594 97.009497869018190385759 91.25834602490520808
99.504748934509109403734 633.25500467756410217 99.504748934509109403734 94.49240977752732817
nan nan nan nan

