Time Pressure difference Time.1 Pressure.1 difference.1
(hr) (psi) (hr) (psi)
0.000200000000006639311 0.32732315436600140 0.000200000000006639311 0.26310196449927359
0.000399999999999067768 0.64974343930037126 0.000399999999999067768 0.66720901216406503
0.000600000000005707079 0.96819518002443239 0.000600000000005707079 0.96631734584360862
0.000799999999998135536 1.28311228653558174 0.000799999999998135536 1.26517522629553048
0.001007140329434719206 1.60584879200662756 0.001007140329434719206 1.57310279980797207
0.001267914553963578328 2.00754535322601413 0.001267914553963578328 1.95566618724208596
0.001596209851982166583 2.50645454879452245 0.001596209851982166583 2.42557236196594195
0.002009509145224797066 3.12454427818761893 0.002009509145224797066 3.00008998388500903
0.002529822128138903281 3.88801835937412443 0.002529822128138903281 3.69865375585692346
0.003184857364431081805 4.82779277618836478 0.003184857364431081805 4.54252164880256526
0.004009497869020606231 5.97985810989157507 0.004009497869020606231 5.55406005742250741
0.005047658755842121536 7.38542614733396441 0.005047658755842121536 6.75549130262404862
0.006354625877790454069 9.09071490802448601 0.006354625877790454069 8.16696014158475236
0.008000000000009777068 11.14620403505287349 0.008000000000009777068 9.80381240964263867
0.010071403294347192059 13.60516554855114713 0.010071403294347192059 11.67297248160675771
0.012679145539706837553 16.52124973349400960 0.012679145539706837553 13.76857550586746548
0.015962098519750611558 19.94500304389785228 0.015962098519750611558 16.06729721286046342
0.020095091452091651263 23.91930186995374186 0.020095091452091651263 18.52423698388207285
0.025298221281360611101 28.47397336597220630 0.025298221281360611101 21.07038033875457117
0.031848573644296607199 33.62006013303602003 0.031848573644296607199 23.61439210173532643
0.040094978690177640601 39.34526711759713180 0.040094978690177640601 26.04839918600642079
0.050476587558421215363 45.61089081820527724 0.050476587558421215363 28.26117352254071591
0.063546258777961384112 52.35333859109437071 0.063546258777961384112 30.15480158907386610
0.079999999999998294697 59.48873535672946389 0.079999999999998294697 31.66243329598784939
0.100714032943542974863 66.92261397984053417 0.100714032943542974863 32.76375738840776108
0.126791455396897845276 74.56164027900288716 0.126791455396897845276 33.48779102115182837
0.159620985197506115583 82.32457371877154628 0.159620985197506115583 33.90667888592802370
0.200950914520760193227 90.15111457475363466 0.200950914520760193227 34.11923940740766170
0.252982212813478213320 98.00526107453006830 0.252982212813478213320 34.22896672198908163
0.318485736442795541734 105.87399834367158746 0.318485736442795541734 34.32618277022568520
0.400949786901833249431 113.76240763440823400 0.400949786901833249431 34.47701452025489033
0.504765875584155310207 121.68724931942207945 0.504765875584155310207 34.71868514478988743
0.635462587779443310865 129.66987511408552791 0.635462587779443310865 35.06869286398475083
0.799999999999997157829 137.73397936002464803 0.799999999999997157829 35.52638680019752826
1.007140329435344483500 145.89919975801021224 1.007140329435344483500 36.08140446549214175
1.267914553968893187630 154.18266115213486955 1.267914553968893187630 36.72632144499682738
1.596209851975103788391 162.59827897056359802 1.596209851975103788391 37.45351795029535680
2.009509145207672986544 171.15673640130708577 2.009509145207672986544 38.25961220759884895
2.529822128134711078928 179.86663388745628822 2.529822128134711078928 39.14615810452939826
3.184857364427998049905 188.73455970362158496 3.184857364427998049905 40.11706359541423694
4.009497869018190385759 197.76479282378866742 4.009497869018190385759 41.16991990119156952
5.009497869018204596614 206.65005374791169857 5.009497869018204596614 42.24718221745925462
6.009497869018204596614 214.01598071082636920 6.009497869018204596614 43.16951412478150019
7.009497869018204596614 220.31308331327386441 7.009497869018204596614 43.97346918335939137
8.009497869018204596614 225.81165735600802691 8.009497869018204596614 44.68438455929307906
9.009497869018204596614 230.69139836122872111 9.009497869018204596614 45.31642248083008440
10.009497869018190385759 235.07444945843201367 10.009497869018190385759 45.87603736840370061
11.009497869018190385759 239.04906262747917367 11.009497869018190385759 46.39064097821689359
12.009497869018190385759 242.68310863550627232 12.009497869018190385759 46.83665165178877743
13.009497869018190385759 246.03066937817493454 13.009497869018190385759 47.26163992827764559
14.009497869018190385759 249.12358356540977411 14.009497869018190385759 47.67722129368610240
15.009497869018190385759 252.00509973014925436 15.009497869018190385759 48.02196742691780429
16.009497869018204596614 254.70017129678518586 16.009497869018204596614 48.33030115826609574
17.009497869018204596614 257.22145722657802480 17.009497869018204596614 48.67248537901929240
18.009497869018204596614 259.58775676792078002 18.009497869018204596614 48.91907451037346988
19.009497869018204596614 261.82848604200722775 19.009497869018204596614 49.15812250017287255
20.009497869018204596614 263.94856043447686034 20.009497869018204596614 49.38716183213645650
21.009497869018204596614 265.95417166509452045 21.009497869018204596614 49.66486719503564018
22.009497869018190385759 267.84948290780602065 22.009497869018190385759 49.91593629461743120
23.009497869018190385759 269.66008679246283464 23.009497869018190385759 50.07590172763853076
24.009497869018190385759 271.39473671300345359 24.009497869018190385759 50.24070548494711375
25.009497869018190385759 273.05206783622435296 25.009497869018190385759 50.46349261195524605
26.009497869018190385759 274.63491367649032782 26.009497869018190385759 50.60411919242591949
27.009497869018204596614 276.14319060073631817 27.009497869018204596614 50.77768026075887775
28.009497869018190385759 277.58563306869274356 28.009497869018190385759 50.89821120365184726
29.009497869018190385759 278.97520679891880491 29.009497869018190385759 50.85060834563909538
30.009497869018190385759 280.31488133601504842 30.009497869018190385759 50.84309297910183290
31.009497869018190385759 281.60273841145885854 31.009497869018190385759 50.86498423107934030
32.009497869018190385759 282.83952782989211983 32.009497869018190385759 50.92239690065234470
33.009497869018218807469 284.01960483649781963 33.009497869018218807469 50.89651336177013263
34.009497869018190385759 285.14898019707538879 34.009497869018190385759 50.93886801390687680
35.009497869018218807469 286.23613634424333441 35.009497869018218807469 50.95360399555106312
36.009497869018190385759 287.28816341502385967 36.009497869018190385759 50.92089873043762793
37.009497869018218807469 288.31179812284858599 37.009497869018218807469 50.88406653630936205
38.009497869018190385759 289.30329630566041033 38.009497869018190385759 50.91275476492682373
39.009497869018190385759 290.26274800148638633 39.009497869018190385759 51.02484319842267979
40.009497869018190385759 291.19058188892051930 40.009497869018190385759 51.15627567273016751
41.009497869018190385759 292.08850161772414822 41.009497869018190385759 51.25296406668134352
42.009497869018190385759 292.95660528445546333 42.009497869018190385759 51.37887819782599763
43.009497869018190385759 293.79723926750301644 43.009497869018190385759 51.45316008832003263
44.009497869018218807469 294.61712276027054713 44.009497869018218807469 51.49441411215581610
46.009497869018218807469 296.19840878303301679 46.009497869018218807469 51.60220619920087159
48.009497869018218807469 297.70651627063097067 48.009497869018218807469 51.68853720171055954
50.009497869018218807469 299.13384046863006915 50.009497869018218807469 51.87655210562606811
52.009497869018190385759 300.48360609528958776 52.009497869018190385759 51.93506632152662661
54.009497869018190385759 301.75720636646246930 54.009497869018190385759 51.91882344886753486
56.009497869018190385759 302.97235668609641834 56.009497869018190385759 51.77173148717832163
58.009497869018190385759 304.13741764583966187 58.009497869018190385759 51.20378218740597731
60.009497869018190385759 305.25161534216778136 60.009497869018190385759 50.81811010561091280
62.009497869018190385759 306.30803851695247886 62.009497869018190385759 50.44176049565798081
64.009497869018190385759 307.30545325343427976 64.009497869018190385759 50.07582745613763819
66.009497869018218807469 308.24869948558114174 66.009497869018218807469 49.72632208651467067
68.009497869018218807469 309.11784880975375245 68.009497869018218807469 49.23939995514770374
70.009497869018218807469 309.93917944170101464 70.009497869018218807469 48.91996819951332043
72.009497869018218807469 310.72392431377596722 72.009497869018218807469 48.67809876839130112
74.009497869018190385759 311.47914584056223930 74.009497869018190385759 48.35680297220950763
76.009497869018190385759 312.20181557840709274 76.009497869018190385759 48.04165438833626212
78.009497869018190385759 312.89082144637666261 78.009497869018190385759 47.96460975358100853
80.009497869018190385759 313.55329445075250305 80.009497869018190385759 47.73324821739062429
82.009497869018190385759 314.20600049629911155 82.009497869018190385759 47.52777015457468934
84.009497869018190385759 314.83709494949050622 84.009497869018190385759 47.49565669227671094
86.009497869018190385759 315.44846785309442794 86.009497869018190385759 47.46697083485441482
88.009497869018218807469 316.03894690249950372 88.009497869018218807469 47.40079169414502047
91.009497869018190385759 316.88710194341467741 91.009497869018190385759 47.21194377404952291
94.009497869018218807469 317.69078538990038396 94.009497869018218807469 46.90919918890657669
97.009497869018190385759 318.45236764168515720 97.009497869018190385759 45.97660326381645746
99.504748934509109403734 319.03837164593016951 99.504748934509109403734 47.60594756558166551
nan nan nan nan

