Time Pressure difference Time.1 Pressure.1 difference.1
(hr) (psi) (hr) (psi)
0.000200000000006639311 0.18056365442356248 0.000200000000006639311 0.14513685195299977
0.000399999999999067768 0.35842270329164061 0.000399999999999067768 0.36805736439277137
0.000600000000005707079 0.53409255522758359 0.000600000000005707079 0.53305667188853978
0.000799999999998135536 0.70781257116194551 0.000799999999998135536 0.69791782004715663
0.001007140329434719206 0.88584605906662828 0.001007140329434719206 0.86778214901245820
0.001267914553963578328 1.10743685732115127 0.001267914553963578328 1.07881837533001712
0.001596209851982166583 1.38265376873047985 0.001596209851982166583 1.33803613922050690
0.002009509145224797066 1.72361510559971931 0.002009509145224797066 1.65496147725646603
0.002529822128138903281 2.14477587078824472 0.002529822128138903281 2.04031529605205630
0.003184857364431081805 2.66319047351448823 0.003184857364431081805 2.50582428485582298
0.004009497869020606231 3.29871266011651132 0.004009497869020606231 3.06382658079478354
0.005047658755842121536 4.07407638857969356 0.005047658755842121536 3.72658084452057148
0.006354625877790454069 5.01477724145431303 0.006354625877790454069 4.50519967508075769
0.008000000000009777068 6.14866167172941935 0.008000000000009777068 5.40814840733435176
0.010071403294347192059 7.50511651166927329 0.010071403294347192059 6.43924678456392829
0.012679145539706837553 9.11373725852692118 0.012679145539706837553 7.59525953598230519
0.015962098519750611558 11.00240722068924448 0.015962098519750611558 8.86332012497844168
0.020095091452091651263 13.19477861340017455 0.020095091452091651263 10.21865969639842397
0.025298221281360611101 15.70730520692169563 0.025298221281360611101 11.62320729014420806
0.031848573644296607199 18.54607851167478216 0.031848573644296607199 13.02657901833762466
0.040094978690177640601 21.70431611776768577 0.040094978690177640601 14.36926806482469843
0.050476587558421215363 25.16066773094951259 0.050476587558421215363 15.58991688019248478
0.063546258777961384112 28.88005327821074886 0.063546258777961384112 16.63451271538331611
0.079999999999998294697 32.81620413885076459 0.079999999999998294697 17.46617856881949749
0.100714032943542974863 36.91700871935787376 0.100714032943542974863 18.07370999511662291
0.126791455396897845276 41.13098040579755832 0.126791455396897845276 18.47311393862027629
0.159620985197506115583 45.41330389020394875 0.159620985197506115583 18.70418810080160554
0.200950914520760193227 49.73071559665250874 0.200950914520760193227 18.82144440862034784
0.252982212813478213320 54.06335560534530060 0.252982212813478213320 18.88197408593352478
0.318485736442795541734 58.40404442635788484 0.318485736442795541734 18.93560208231593123
0.400949786901833249431 62.75558506784735613 0.400949786901833249431 19.01880649857889694
0.504765875584155310207 67.12722317620513479 0.504765875584155310207 19.15212102445588371
0.635462587779443310865 71.53073715361394136 0.635462587779443310865 19.34519833051047755
0.799999999999997157829 75.97919768223022174 0.799999999999997157829 19.59767936837092961
1.007140329435344483500 80.48343764988473481 1.007140329435344483500 19.90384780338231607
1.267914553968893187630 85.05290375898623267 1.267914553968893187630 20.25960805152218214
1.596209851975103788391 89.69527227847211748 1.596209851975103788391 20.66075675343748941
2.009509145207672986544 94.41643645311398814 2.009509145207672986544 21.10542839663513348
2.529822128134711078928 99.22114060794189072 2.529822128134711078928 21.59448016345575994
3.184857364427998049905 104.11301908083909495 3.184857364427998049905 22.13006782719324406
4.009497869018190385759 109.09443231337461100 4.009497869018190385759 22.71086261551877783
5.009497869018204596614 113.99587347806715343 5.009497869018204596614 23.30512066907702007
6.009497869018204596614 118.05919338959944298 6.009497869018204596614 23.81391333331775328
7.009497869018204596614 121.53290993855661384 7.009497869018204596614 24.25740491474989113
8.009497869018204596614 124.56612836515303400 8.009497869018204596614 24.64957233875361453
9.009497869018204596614 127.25797541841079408 9.009497869018204596614 24.99822801839241393
10.009497869018190385759 129.67582980200654674 10.009497869018190385759 25.30693245259549329
11.009497869018190385759 131.86837459803007278 11.009497869018190385759 25.59080698798362974
12.009497869018190385759 133.87304985182839800 12.009497869018190385759 25.83684310262403727
13.009497869018190385759 135.71968915319976645 13.009497869018190385759 26.07128247932696397
14.009497869018190385759 137.42585592147290185 14.009497869018190385759 26.30053265319208577
15.009497869018190385759 139.01540765970449343 15.009497869018190385759 26.49070747227959188
16.009497869018204596614 140.50210960704268359 16.009497869018204596614 26.66079585304854760
17.009497869018204596614 141.89294491843978108 17.009497869018204596614 26.84955742570585713
18.009497869018204596614 143.19828396013767247 18.009497869018204596614 26.98558518330425571
19.009497869018204596614 144.43435376120800129 19.009497869018204596614 27.11745296609032607
20.009497869018204596614 145.60386583161317731 20.009497869018204596614 27.24379960009542856
21.009497869018204596614 146.71023575480026579 21.009497869018204596614 27.39699223101462167
22.009497869018190385759 147.75576009271918565 22.009497869018190385759 27.53549130609878048
23.009497869018190385759 148.75455669407898540 23.009497869018190385759 27.62373420240009736
24.009497869018190385759 149.71145425729915246 24.009497869018190385759 27.71464609874916363
25.009497869018190385759 150.62569988950411926 25.009497869018190385759 27.83754378342115388
26.009497869018190385759 151.49885666284981767 26.009497869018190385759 27.91511864771102225
27.009497869018204596614 152.33087844221978457 27.009497869018204596614 28.01086140329016061
28.009497869018190385759 153.12658348121843233 28.009497869018190385759 28.07735076473489855
29.009497869018190385759 153.89312415355976782 29.009497869018190385759 28.05109125363970080
30.009497869018190385759 154.63213857074882185 30.009497869018190385759 28.04694549728791486
31.009497869018190385759 155.34256854435639639 31.009497869018190385759 28.05902152797575511
32.009497869018190385759 156.02482769457523659 32.009497869018190385759 28.09069249683341241
33.009497869018218807469 156.67580216421416139 33.009497869018218807469 28.07641417185808663
34.009497869018190385759 157.29880771576705456 34.009497869018190385759 28.09977857694107328
35.009497869018218807469 157.89852357528789639 35.009497869018218807469 28.10790749376745978
36.009497869018190385759 158.47886092667565094 36.009497869018190385759 28.08986605029178563
37.009497869018218807469 159.04353599220110027 37.009497869018218807469 28.06954803892128680
38.009497869018190385759 159.59048335249275397 38.009497869018190385759 28.08537353531227510
39.009497869018190385759 160.11975267588292127 39.009497869018190385759 28.14720569384021687
40.009497869018190385759 160.63158043746497583 40.009497869018190385759 28.21970874641789706
41.009497869018190385759 161.12690643395865209 41.009497869018190385759 28.27304566902573413
42.009497869018190385759 161.60578477908248374 42.009497869018190385759 28.34250459779318376
43.009497869018190385759 162.06950982262762295 43.009497869018190385759 28.38348125778863107
44.009497869018218807469 162.52178812216433812 44.009497869018218807469 28.40623851526983046
46.009497869018218807469 163.39408444202575765 46.009497869018218807469 28.46570064892944885
48.009497869018218807469 164.22601275382410790 48.009497869018218807469 28.51332404829877021
50.009497869018218807469 165.01337799151130525 50.009497869018218807469 28.61704007841841246
52.009497869018190385759 165.75795902989528940 52.009497869018190385759 28.64931870129554525
54.009497869018190385759 166.46052441877907313 54.009497869018190385759 28.64035852720904174
56.009497869018190385759 167.13084663540331576 56.009497869018190385759 28.55921711761222426
58.009497869018190385759 167.77353769380067661 58.009497869018190385759 28.24591511093679586
60.009497869018190385759 168.38817067993636556 60.009497869018190385759 28.03316401291887061
62.009497869018190385759 168.97093308617780849 62.009497869018190385759 27.82555553790704650
64.009497869018190385759 169.52114423804053445 64.009497869018190385759 27.62369323147139255
66.009497869018218807469 170.04147402353217444 66.009497869018218807469 27.43089304016804419
68.009497869018218807469 170.52092919228229562 68.009497869018218807469 27.16228864024520817
70.009497869018218807469 170.97400578773934399 70.009497869018218807469 26.98607817555016908
72.009497869018218807469 171.40690031414845862 72.009497869018218807469 26.85265398054834662
74.009497869018190385759 171.82350866267788092 74.009497869018190385759 26.67541524159667787
76.009497869018190385759 172.22216023090967951 76.009497869018190385759 26.50156753412000299
78.009497869018190385759 172.60224155354279674 78.009497869018190385759 26.45906684139607634
80.009497869018190385759 172.96768635948313886 80.009497869018190385759 26.33143919296863089
82.009497869018190385759 173.32774334682497397 82.009497869018190385759 26.21808983337999521
84.009497869018190385759 173.67587857415219332 84.009497869018190385759 26.20037485039949487
86.009497869018190385759 174.01313465951560033 86.009497869018190385759 26.18455066204815296
88.009497869018218807469 174.33886491598840962 88.009497869018218807469 26.14804378090115478
91.009497869018190385759 174.80673885543529877 91.009497869018190385759 26.04386822800212542
94.009497869018218807469 175.25008060551181188 94.009497869018218807469 25.87686302864115717
97.009497869018190385759 175.67019776707573442 97.009497869018190385759 25.36240834956122114
99.504748934509109403734 175.99345942181034275 99.504748934509109403734 26.26121540771381646
nan nan nan nan

