Time Pressure difference Time.1 Pressure.1 difference.1
(hr) (psi) (hr) (psi)
0.000200000000006639311 0.83768343787369615 0.000200000000006639311 0.67332895700569761
0.000399999999999067768 1.66281948193747420 0.000399999999999067768 1.70751727042491197
0.000600000000005707079 2.47779925164942894 0.000600000000005707079 2.47299350976601051
0.000799999999998135536 3.28373320685176573 0.000799999999998135536 3.23782879072105523
0.001007140329434719206 4.10967852060134398 0.001007140329434719206 4.02587517532720351
0.001267914553963578328 5.13769793168168842 0.001267914553963578328 5.00492908372281953
0.001596209851982166583 6.41450332890487385 0.001596209851982166583 6.20751012533349389
0.002009509145224797066 7.99631482780509106 0.002009509145224797066 7.67781215019438079
0.002529822128138903281 9.95019308091715438 0.002529822128138903281 9.46557233236935680
0.003184857364431081805 12.35525808717223839 0.003184857364431081805 11.62519394252747063
0.004009497869020606231 15.30361672455878974 0.004009497869020606231 14.21391692277397389
0.005047658755842121536 18.90073794884460767 0.005047658755842121536 17.28861250243333458
0.006354625877790454069 23.26490263615334086 0.006354625877790454069 20.90083502229246548
0.008000000000009777068 28.52529798391364935 0.008000000000009777068 25.08985745137763246
0.010071403294347192059 34.81825742399990986 0.010071403294347192059 29.87340060783996165
0.012679145539706837553 42.28108244138516625 0.012679145539706837553 35.23645519889507227
0.015962098519750611558 51.04313121561768440 0.015962098519750611558 41.11932989487715417
0.020095091452091651263 61.21413274527204607 0.020095091452091651263 47.40711530383926231
0.025298221281360611101 72.87042050334447651 0.025298221281360611101 53.92318998532655883
0.031848573644296607199 86.04025464776977117 0.031848573644296607199 60.43380950973070753
0.040094978690177640601 100.69216975183547902 0.040094978690177640601 66.66290572539676873
0.050476587558421215363 116.72711604860595003 0.050476587558421215363 72.32582443048202947
0.063546258777961384112 133.98234762859414104 0.063546258777961384112 77.17198593072808421
0.079999999999998294697 152.24321189530766674 0.079999999999998294697 81.03030788091602687
0.100714032943542974863 171.26794912724935216 0.100714032943542974863 83.84880984035839901
0.126791455396897845276 190.81769905155400124 0.126791455396897845276 85.70175233624748046
0.159620985197506115583 210.68455138103749391 0.159620985197506115583 86.77376762746315819
0.200950914520760193227 230.71418742556599568 0.200950914520760193227 87.31775122903322028
0.252982212813478213320 250.81447166680740679 0.252982212813478213320 87.59856470917104332
0.318485736442795541734 270.95209651680187335 0.318485736442795541734 87.84735943211408937
0.400949786901833249431 291.14006588553843358 0.400949786901833249431 88.23336713495962158
0.504765875584155310207 311.42127281746303424 0.504765875584155310207 88.85184913628847880
0.635462587779443310865 331.85036049347831977 0.635462587779443310865 89.74758677533628770
0.799999999999997157829 352.48796732943338839 0.799999999999997157829 90.91891432997655897
1.007140329435344483500 373.38435001042410022 1.007140329435344483500 92.33931218372799776
1.267914553968893187630 394.58333433392698453 1.267914553968893187630 93.98977981893395395
1.596209851975103788391 416.12053257957836649 1.596209851975103788391 95.85081671914377921
2.009509145207672986544 438.02328509755164987 2.009509145207672986544 97.91376826932099675
2.529822128134711078928 460.31360208981260485 2.529822128134711078928 100.18261116927421028
3.184857364427998049905 483.00834422891563236 3.184857364427998049905 102.66734663209285827
4.009497869018190385759 506.11846223921736510 4.009497869018190385759 105.36181012496382436
5.009497869018204596614 528.85756828180933553 5.009497869018204596614 108.11873333233904759
6.009497869018204596614 547.70840403576721656 6.009497869018204596614 110.47915957374812024
7.009497869018204596614 563.82391094782428809 7.009497869018204596614 112.53663649947895919
8.009497869018204596614 577.89582839723971119 8.009497869018204596614 114.35600683184324566
9.009497869018204596614 590.38403207810677031 9.009497869018204596614 115.97351445975658635
10.009497869018190385759 601.60110994903504888 10.009497869018190385759 117.40567749697270017
11.009497869018190385759 611.77291594337248171 11.009497869018190385759 118.72264794425281309
12.009497869018190385759 621.07314451807144451 12.009497869018190385759 119.86407576377177975
13.009497869018190385759 629.64020173356607302 13.009497869018190385759 120.95170319176344265
14.009497869018190385759 637.55556902381943019 14.009497869018190385759 122.01525650978609860
15.009497869018190385759 644.92992777287565787 15.009497869018190385759 122.89752872984506382
16.009497869018204596614 651.82713863358628714 16.009497869018204596614 123.68661455112933822
17.009497869018204596614 658.27959834308126119 17.009497869018204596614 124.56233034026094231
18.009497869018204596614 664.33541782420024902 18.009497869018204596614 125.19339975450741065
19.009497869018204596614 670.06987863647179893 19.009497869018204596614 125.80516992487567052
20.009497869018204596614 675.49556020510954113 20.009497869018204596614 126.39132599861622452
21.009497869018204596614 680.62830834190447149 21.009497869018204596614 127.10202788452446043
22.009497869018190385759 685.47877741645061178 22.009497869018190385759 127.74456240637607607
23.009497869018190385759 690.11246393234819152 23.009497869018190385759 128.15394497551827158
24.009497869018190385759 694.55176952244710264 24.009497869018190385759 128.57570975492762955
25.009497869018190385759 698.79320131386384674 25.009497869018190385759 129.14586522354289855
26.009497869018190385759 702.84401081943121881 26.009497869018190385759 129.50575591814796894
27.009497869018204596614 706.70398400591466270 27.009497869018204596614 129.94993235498998274
28.009497869018190385759 710.39547404985353296 28.009497869018190385759 130.25839441539110908
29.009497869018190385759 713.95166273980225924 29.009497869018190385759 130.13656946894036537
30.009497869018190385759 717.38014971635072925 30.009497869018190385759 130.11733618833113724
31.009497869018190385759 720.67602575829266698 31.009497869018190385759 130.17336014805189848
32.009497869018190385759 723.84120976113445067 32.009497869018190385759 130.32029030494405220
33.009497869018218807469 726.86125570247293126 33.009497869018218807469 130.25404930871150100
34.009497869018190385759 729.75154629780513460 34.009497869018190385759 130.36244307841153045
35.009497869018218807469 732.53378973740882429 35.009497869018218807469 130.40015531355132339
36.009497869018190385759 735.22613105708887815 36.009497869018190385759 130.31645619678747039
37.009497869018218807469 737.84581081313388040 37.009497869018218807469 130.22219546823757241
38.009497869018190385759 740.38324696864219732 38.009497869018190385759 130.29561420948525097
39.009497869018190385759 742.83866994838831488 39.009497869018190385759 130.58247025087516135
40.009497869018190385759 745.21317682403844174 40.009497869018190385759 130.91883144456886612
41.009497869018190385759 747.51112756576253560 41.009497869018190385759 131.16627579785452440
42.009497869018190385759 749.73277322167939474 42.009497869018190385759 131.48851448108618456
43.009497869018190385759 751.88411862917644157 43.009497869018190385759 131.67861624617921734
44.009497869018218807469 753.98235950739251621 44.009497869018218807469 131.78419329458515108
46.009497869018218807469 758.02917713743465811 46.009497869018218807469 132.06005415211106424
48.009497869018218807469 761.88871670267269565 48.009497869018218807469 132.28099193183356874
50.009497869018218807469 765.54151616153183113 50.009497869018218807469 132.76215853732014693
52.009497869018190385759 768.99582819348665907 52.009497869018190385759 132.91190776491450265
54.009497869018190385759 772.25521830812567714 54.009497869018190385759 132.87033910339903287
56.009497869018190385759 775.36502366013576193 56.009497869018190385759 132.49390224426494456
58.009497869018190385759 778.34664062512104010 58.009497869018190385759 131.04040982973418750
60.009497869018190385759 781.19808863386003850 60.009497869018190385759 130.05340016952314386
62.009497869018190385759 783.90168043633173056 62.009497869018190385759 129.09024852289297769
64.009497869018190385759 786.45425820022467178 64.009497869018190385759 128.15375490034216455
66.009497869018218807469 788.86820825529082413 66.009497869018218807469 127.25930287128188922
68.009497869018218807469 791.09252995141014253 68.009497869018218807469 126.01317469629739776
70.009497869018218807469 793.19447433946663750 70.009497869018218807469 125.19568687835148069
72.009497869018218807469 795.20278867203114714 72.009497869018218807469 124.57669609240694797
74.009497869018190385759 797.13554703781153421 74.009497869018190385759 123.75443783316084989
76.009497869018190385759 798.98499906211986854 76.009497869018190385759 122.94791148249278478
78.009497869018190385759 800.74829871415295202 78.009497869018190385759 122.75073931898818103
80.009497869018190385759 802.44369562207702984 80.009497869018190385759 122.15864027422891525
82.009497869018190385759 804.11409698800980550 82.009497869018190385759 121.63278205805512755
84.009497869018190385759 805.72919009743668539 84.009497869018190385759 121.55059747947895232
86.009497869018190385759 807.29381193638278091 86.009497869018190385759 121.47718480657955809
88.009497869018218807469 808.80496234997360716 88.009497869018218807469 121.30781954975147130
91.009497869018190385759 810.97555560329794844 91.009497869018190385759 120.82452109429297593
94.009497869018218807469 813.03233742100462678 94.009497869018218807469 120.04973898218912609
97.009497869018190385759 814.98137411574862199 97.009497869018190385759 117.66304512855798237
99.504748934509109403734 816.48107202081871492 99.504748934509109403734 121.83285321569513826
nan nan nan nan

