Time Pressure difference Time.1 Pressure.1 difference.1
(hr) (psi) (hr) (psi)
0.000200000000006639311 0.29187001673945717 0.000200000000006639311 0.23460477438978047
0.000399999999999067768 0.57936820532073419 0.000399999999999067768 0.59494204107324689
0.000600000000005707079 0.86332769201171045 0.000600000000005707079 0.86165325044996832
0.000799999999998135536 1.14413538900150114 0.000799999999998135536 1.12814113377485592
0.001007140329434719206 1.43191554753235795 0.001007140329434719206 1.40271635045849408
0.001267914553963578328 1.79010341320405275 0.001267914553963578328 1.74384340121838388
0.001596209851982166583 2.23497458507118640 0.001596209851982166583 2.16285293737013484
0.002009509145224797066 2.78611756795571042 0.002009509145224797066 2.67514320981182196
0.002529822128138903281 3.46689798291798468 0.002529822128138903281 3.29804390320743313
0.003184857364431081805 4.30488323116040572 0.003184857364431081805 4.05051048784913803
0.004009497869020606231 5.33216566977737383 0.004009497869020606231 4.95248680183266288
0.005047658755842121536 6.58549334044388868 0.005047658755842121536 6.02378821443051216
0.006354625877790454069 8.10607828070697245 0.006354625877790454069 7.28237755697985456
0.008000000000009777068 9.93893256526125235 0.008000000000009777068 8.74193852144456862
0.010071403294347192059 12.13155819694485160 0.010071403294347192059 10.40864548737730999
0.012679145539706837553 14.73179447268735132 0.012679145539706837553 12.27726883898509591
0.015962098519750611558 17.78471304166206579 0.015962098519750611558 14.32701061297885303
0.020095091452091651263 21.32854625179754038 0.020095091452091651263 16.51783348184950739
0.025298221281360611101 25.38989060844876988 0.025298221281360611101 18.78819808543858372
0.031848573644296607199 29.97859266270718237 0.031848573644296607199 21.05666197484711688
0.040094978690177640601 35.08368906707653423 0.040094978690177640601 23.22703604999060900
0.050476587558421215363 40.67066838701427400 0.050476587558421215363 25.20013961455771678
0.063546258777961384112 46.68282584697080040 0.063546258777961384112 26.88866438924974389
0.079999999999998294697 53.04537107375876559 0.079999999999998294697 28.23300097425617139
0.100714032943542974863 59.67406888882506166 0.100714032943542974863 29.21503807429810351
0.126791455396897845276 66.48569435457687860 0.126791455396897845276 29.86064992818072028
0.159620985197506115583 73.40780628827488385 0.159620985197506115583 30.23416706704917090
0.200950914520760193227 80.38663616993146377 0.200950914520760193227 30.42370466050960331
0.252982212813478213320 87.39008166343487005 0.252982212813478213320 30.52154715260487094
0.318485736442795541734 94.40653756589355794 0.318485736442795541734 30.60823350292164235
0.400949786901833249431 101.44053476720533524 0.400949786901833249431 30.74272831277136220
0.504765875584155310207 108.50701828482472422 0.504765875584155310207 30.95822302583279395
0.635462587779443310865 115.62502717981429612 0.635462587779443310865 31.27032058904433498
0.799999999999997157829 122.81568940415296254 0.799999999999997157829 31.67844062284616413
1.007140329435344483500 130.09651565323832756 1.007140329435344483500 32.17334302464539064
1.267914553968893187630 137.48277593918322736 1.267914553968893187630 32.74840753533722904
1.596209851975103788391 144.98687847753026858 1.596209851975103788391 33.39683968363868161
2.009509145207672986544 152.61834933517056356 2.009509145207672986544 34.11562398360199921
2.529822128134711078928 160.38485742105672216 2.529822128134711078928 34.90614601764082181
3.184857364427998049905 168.29227741834264975 3.184857364427998049905 35.77189046039455889
4.009497869018190385759 176.34442483531788071 4.009497869018190385759 36.71070943330433067
5.009497869018204596614 184.26730233440991924 5.009497869018204596614 37.67129094453545690
6.009497869018204596614 190.83540849277716234 6.009497869018204596614 38.49372292234924942
7.009497869018204596614 196.45045716095452804 7.009497869018204596614 39.21059972521215542
8.009497869018204596614 201.35346776832957971 8.009497869018204596614 39.84451419140994943
9.009497869018204596614 205.70467259414346017 9.009497869018204596614 40.40809460507266948
10.009497869018190385759 209.61298515940788434 10.009497869018190385759 40.90709629323654895
11.009497869018190385759 213.15709866530889371 11.009497869018190385759 41.36596198057627305
12.009497869018190385759 216.39753263720206178 12.009497869018190385759 41.76366419328269330
13.009497869018190385759 219.38251123393936837 13.009497869018190385759 42.14262099398057160
14.009497869018190385759 222.14042464018905321 14.009497869018190385759 42.51318976817350404
15.009497869018190385759 224.70983703897439909 15.009497869018190385759 42.82059564012318020
16.009497869018204596614 227.11299909083615489 16.009497869018204596614 43.09553302273601361
17.009497869018204596614 229.36119863528620044 17.009497869018204596614 43.40065446894919177
18.009497869018204596614 231.47119873008554691 18.009497869018204596614 43.62053495383427304
19.009497869018204596614 233.46922936743212063 19.009497869018204596614 43.83369109587203383
20.009497869018204596614 235.35967353603226115 20.009497869018204596614 44.03792264125014100
21.009497869018204596614 237.14805231597853208 21.009497869018204596614 44.28554908574965765
22.009497869018190385759 238.83807795809403274 22.009497869018190385759 44.50942430300899133
23.009497869018190385759 240.45257109453859812 23.009497869018190385759 44.65206350524947254
24.009497869018190385759 241.99933701864793534 24.009497869018190385759 44.79901698153974365
25.009497869018190385759 243.47715872549980531 25.009497869018190385759 44.99767351292734929
26.009497869018190385759 244.88856282488052329 26.009497869018190385759 45.12306849903973927
27.009497869018204596614 246.23347474221830566 27.009497869018204596614 45.27783076148272556
28.009497869018190385759 247.51968288744893698 28.009497869018190385759 45.38530671559887253
29.009497869018190385759 248.75874863178151486 29.009497869018190385759 45.34285983465047565
30.009497869018190385759 249.95331988148438995 30.009497869018190385759 45.33615847506813168
31.009497869018190385759 251.10168614019258371 31.009497869018190385759 45.35567863426218338
32.009497869018190385759 252.20451599945045018 32.009497869018190385759 45.40687280310058327
33.009497869018218807469 253.25677610105853432 33.009497869018218807469 45.38379277094868769
34.009497869018190385759 254.26382617069191383 34.009497869018190385759 45.42155989149378570
35.009497869018218807469 255.23322988882154050 35.009497869018218807469 45.43469978444603186
36.009497869018190385759 256.17130944311952589 36.009497869018190385759 45.40553690321138447
37.009497869018218807469 257.08407187780454706 37.009497869018218807469 45.37269409031112133
38.009497869018190385759 257.96817856978282180 38.009497869018190385759 45.39827502968285700
39.009497869018190385759 258.82370980485183054 39.009497869018190385759 45.49822290237185740
40.009497869018190385759 259.65104783042283998 40.009497869018190385759 45.61541961749742313
41.009497869018190385759 260.45171176996058193 41.009497869018190385759 45.70163546500049989
42.009497869018190385759 261.22578909495524613 42.009497869018190385759 45.81391154163829782
43.009497869018190385759 261.97537204205553962 43.009497869018190385759 45.88014778656244630
44.009497869018218807469 262.70645203308754390 44.009497869018218807469 45.91693349043616479
46.009497869018218807469 264.11646526245266386 46.009497869018218807469 46.01305036402294490
48.009497869018218807469 265.46122609522251423 48.009497869018218807469 46.09003065341445904
50.009497869018218807469 266.73395346573056486 50.009497869018218807469 46.25768122264894089
52.009497869018190385759 267.93752281544715288 52.009497869018190385759 46.30985762675170747
54.009497869018190385759 269.07317645775248138 54.009497869018190385759 46.29537405768036962
56.009497869018190385759 270.15671099969301849 56.009497869018190385759 46.16421397093482426
58.009497869018190385759 271.19558147765047806 58.009497869018190385759 45.65778059028140490
60.009497869018190385759 272.18909781140399673 60.009497869018190385759 45.31388155512913585
62.009497869018190385759 273.13109731738330765 62.009497869018190385759 44.97829525305522225
64.009497869018190385759 274.02047972724363945 64.009497869018190385759 44.65199727826882992
66.009497869018218807469 274.86156075036706170 66.009497869018218807469 44.34034765397026234
68.009497869018218807469 275.63657047519603793 68.009497869018218807469 43.90616519930047446
70.009497869018218807469 276.36894086237322199 70.009497869018218807469 43.62133184540986264
72.009497869018218807469 277.06868817903449553 72.009497869018218807469 43.40565985896856915
74.009497869018190385759 277.74210989309580100 74.009497869018190385759 43.11916436312888123
76.009497869018190385759 278.38650557873074831 76.009497869018190385759 42.83815026063233233
78.009497869018190385759 279.00088360709662538 78.009497869018190385759 42.76945051074982018
80.009497869018190385759 279.59160260847960444 80.009497869018190385759 42.56314828452463672
82.009497869018190385759 280.17361253322394532 82.009497869018190385759 42.37992603203889530
84.009497869018190385759 280.73635166780763939 84.009497869018190385759 42.35129085407042027
86.009497869018190385759 281.28150534003890471 86.009497869018190385759 42.32571202906414243
88.009497869018218807469 281.80802822036486077 88.009497869018218807469 42.26670090611419539
91.009497869018190385759 282.56431760193652281 91.009497869018190385759 42.09830754663357766
94.009497869018218807469 283.28095221164926443 94.009497869018218807469 41.82835393670762869
97.009497869018190385759 283.96004570568402414 97.009497869018190385759 40.99676966093457509
99.504748934509109403734 284.48257824347427913 99.504748934509109403734 42.44963586452370663
nan nan nan nan

