Time Pressure difference Time.1 Pressure.1 difference.1
(hr) (psi) (hr) (psi)
0.000200000000006639311 0.39944408568754153 0.000200000000006639311 0.31848212899139261
0.000399999999999067768 0.79854781854918822 0.000399999999999067768 0.83309114619531144
0.000600000000019917934 1.19736308612043274 0.000600000000019917934 1.21862843488756800
0.000799999999998135536 1.59590940741197218 0.000799999999998135536 1.61095999770553688
0.001007140329448930061 2.00841654027430261 0.001007140329448930061 2.02263901577135119
0.001267914553963578328 2.52735938459321696 0.001267914553963578328 2.54431244572712734
0.001596209851982166583 3.18010034223255778 0.001596209851982166583 3.19998437945795944
0.002009509145210586212 4.00098229934920369 0.002009509145210586212 4.02377870985776553
0.002529822128153114136 5.03308036986371743 0.002529822128153114136 5.05834970664917272
0.003184857364431081805 6.33037742193380115 0.003184857364431081805 6.35692759078415826
0.004009497869020606231 7.96045720131429224 0.004009497869020606231 7.98580673016674059
0.005047658755856332391 10.00782470530169554 0.005047658755856332391 10.02734502404889660
0.006354625877790454069 12.57797899126437002 0.006354625877790454069 12.58353689421756627
0.007999999999995566213 15.80237649920166731 0.007999999999995566213 15.78020260041003375
0.010071403294347192059 19.84442925040738004 0.010071403294347192059 19.77179429738182392
0.012679145539706837553 24.90667544274232270 0.012679145539706837553 24.74674081749251187
0.015962098519764822413 31.23922973574221729 0.015962098519764822413 30.93311897543301825
0.020095091452077440408 39.14955131540234134 0.020095091452077440408 38.60422189744297583
0.025298221281346400247 49.01343672169708299 0.025298221281346400247 48.08325814072787097
0.031848573644282396344 61.28691902410483294 0.031848573644282396344 59.74591416038460778
0.040094978690177640601 76.51839153039998109 0.040094978690177640601 74.01879683420274603
0.050476587558421215363 95.35971734977167102 0.050476587558421215363 91.37079670038455959
0.063546258777947173257 118.57427133104010863 0.063546258777947173257 112.29315565964853363
0.079999999999998294697 147.03872381832087513 0.079999999999998294697 137.26252784388950090
0.100714032943528764008 181.73387290023848095 0.100714032943528764008 166.67976849505848236
0.126791455396883634421 223.71798438397570408 0.126791455396883634421 200.77603780883265472
0.159620985197506115583 274.07408214044960459 0.159620985197506115583 239.47812213023124173
0.200950914520774404082 333.82096144234088797 0.200950914520774404082 282.22886987001623993
0.252982212813464002465 403.77758067927067032 0.252982212813464002465 327.77041738964442175
0.318485736442795541734 484.37433528032147478 0.318485736442795541734 373.92341934260014114
0.400949786901833249431 575.41648124912273943 0.400949786901833249431 417.43939693593978291
0.504765875584169521062 675.82912693104321988 0.504765875584169521062 454.05886534214852190
0.635462587779429100010 783.45046627729720967 0.635462587779429100010 478.94154577958175878
0.800000000000011368684 894.97908547392398759 0.800000000000011368684 487.58092968005854573
1.007140329435344483500 1006.19251647246812809 1.007140329435344483500 477.11173560838335561
1.267914553968893187630 1112.49826419634200647 1.267914553968893187630 447.59657110614443809
1.596209851975103788391 1209.74095732526825486 1.596209851975103788391 402.63565686414068523
2.009509145207672986544 1295.02328484928466423 2.009509145207672986544 348.76364093459500282
2.529822128134725289783 1367.22020649329783737 2.529822128134725289783 293.67144840441210363
3.184857364427998049905 1426.96852429777300131 3.184857364427998049905 243.99734685188235517
4.009497869018190385759 1476.16155371820559594 4.009497869018190385759 203.66295871099083570
5.009497869018204596614 1515.96085763665178092 5.009497869018204596614 174.27555228741539395
6.009497869018190385759 1544.28403004302799673 6.009497869018190385759 156.68228346769922155
7.009497869018190385759 1566.02408173358958265 7.009497869018190385759 145.56221791339464744
8.009497869018204596614 1583.56608254921775369 8.009497869018204596614 138.01598597639662103
9.009497869018190385759 1598.21128305804245429 9.009497869018190385759 132.62211189498128761
10.009497869018190385759 1610.73677503895646623 10.009497869018190385759 128.51151874237078232
11.009497869018204596614 1621.64115967437101062 11.009497869018204596614 124.99585206965399209
12.009497869018190385759 1631.26321204049554581 12.009497869018190385759 122.03293119037000736
13.009497869018190385759 1639.84353189306489185 13.009497869018190385759 119.43691868241290877
14.009497869018204596614 1647.55952195082682010 14.009497869018204596614 117.08865255338969291
15.009497869018190385759 1654.54589384975497524 15.009497869018190385759 114.90921290989967929
16.009497869018190385759 1660.90748289309999564 16.009497869018190385759 112.84441943593331814
17.009497869018190385759 1666.72748336811309855 17.009497869018190385759 110.82600137366080162
18.009497869018204596614 1672.07317226730742732 18.009497869018204596614 108.88541513497501967
19.009497869018190385759 1676.99978919224940910 19.009497869018190385759 106.92788813054902164
20.009497869018190385759 1681.55338923436625009 20.009497869018190385759 105.03351874179250558
21.009497869018204596614 1685.77261228240240598 21.009497869018204596614 103.14800571984685007
22.009497869018190385759 1689.69040740011405433 22.009497869018190385759 101.26427143973346290
23.009497869018190385759 1693.33509744355887960 23.009497869018190385759 99.32689310280500194
24.009497869018204596614 1696.73128523205491547 24.009497869018204596614 97.43684508595636373
25.009497869018190385759 1699.90042886310311587 25.009497869018190385759 95.54059866091697018
26.009497869018190385759 1702.86150590950842343 26.009497869018190385759 93.57435815287408332
27.009497869018204596614 1705.63124473649804713 27.009497869018204596614 91.66976000853358642
28.009497869018190385759 1708.22469354664099228 28.009497869018190385759 89.76232266477816779
29.009497869018190385759 1710.65516033512062677 29.009497869018190385759 87.80241801752059416
30.009497869018190385759 1712.93499791703106894 30.009497869018190385759 85.89697551152575272
31.009497869018190385759 1715.07476681889374959 31.009497869018190385759 83.99320843819722882
32.009497869018190385759 1717.08472339764966819 32.009497869018190385759 82.09493276124018735
33.009497869018190385759 1718.97367487773294670 33.009497869018190385759 80.14834429606457888
34.009497869018190385759 1720.75000632613455309 34.009497869018190385759 78.27059718109148889
35.009497869018190385759 1722.42142266691212171 35.009497869018190385759 76.36706487771299123
36.009497869018190385759 1723.99451799782264061 36.009497869018190385759 74.51938212181153176
37.009497869018190385759 1725.47611869166712495 37.009497869018190385759 72.68787043021993100
38.009497869018190385759 1726.87202811816746362 38.009497869018190385759 70.87560309170969219
39.009497869018190385759 1728.18751238140021087 39.009497869018190385759 69.05653266368614140
40.009497869018190385759 1729.42805725598259414 40.009497869018190385759 67.21883544128476728
41.009497869018190385759 1730.59818425927096541 41.009497869018190385759 65.50326623166557738
42.009497869018190385759 1731.70201745520830627 42.009497869018190385759 63.76558608860003829
43.009497869018190385759 1732.74396287569879860 43.009497869018190385759 62.09452028494291653
44.009497869018190385759 1733.72778489537904534 44.009497869018190385759 60.41472260719105236
46.009497869018190385759 1735.53405511291407493 46.009497869018190385759 57.14807238119320942
48.009497869018190385759 1737.14692140598094738 48.009497869018190385759 54.02889096721338547
50.009497869018218807469 1738.58812782001882624 50.009497869018218807469 51.02012197279983496
52.009497869018190385759 1739.87761506393144373 52.009497869018190385759 48.13598796510903810
54.009497869018190385759 1741.03199970274704356 54.009497869018190385759 45.39458863381074849
56.009497869018190385759 1742.06648747215763251 56.009497869018190385759 42.77365890969927165
58.009497869018190385759 1742.99394962902101724 58.009497869018190385759 40.28574844332681693
60.009497869018190385759 1743.82641585840633525 60.009497869018190385759 37.91611983652120443
62.009497869018190385759 1744.57365882623184916 62.009497869018190385759 35.66139261010974337
64.009497869018190385759 1745.24545871195800828 64.009497869018190385759 33.52009225334904130
66.009497869018218807469 1745.84933703388651338 66.009497869018218807469 31.51185087528521223
68.009497869018190385759 1746.39257749516650620 68.009497869018190385759 29.61540716035606025
70.009497869018190385759 1746.88159267418222953 70.009497869018190385759 27.79590038506231764
72.009497869018190385759 1747.32170440705203873 72.009497869018190385759 26.10381591880705443
74.009497869018218807469 1747.71827284670780500 74.009497869018218807469 24.49163015729090631
76.009497869018190385759 1748.07573112043746733 76.009497869018190385759 22.96765045885692658
78.009497869018190385759 1748.39800029565867590 78.009497869018190385759 21.52455702528238746
80.009497869018218807469 1748.68870406998803446 80.009497869018218807469 20.17012873322096311
82.009497869018190385759 1748.95090910136627826 82.009497869018190385759 18.88365130706144512
84.009497869018190385759 1749.18736369300881961 84.009497869018190385759 17.62918715120032331
86.009497869018218807469 1749.40078752152498964 86.009497869018218807469 16.48071497035487099
88.009497869018190385759 1749.59343243851071747 88.009497869018190385759 15.36113013672757255
91.009497869018190385759 1749.84780778515528255 91.009497869018190385759 13.81223494599404944
94.009497869018190385759 1750.06618757556634591 94.009497869018190385759 12.37283813178696157
97.009497869018190385759 1750.25332036296163096 97.009497869018190385759 11.07202174804567463
99.504748934509137825444 1750.38842082894188934 99.504748934509137825444 9.41629310450140622
nan nan nan nan

