Time Pressure difference Time.1 Pressure.1 difference.1
(hr) (psi) (hr) (psi)
0.000200000000020850166 0.68616826733172342 0.000200000000020850166 0.54691172563593715
0.000399999999999067768 1.37209250123731175 0.000399999999999067768 1.43225296667572999
0.000600000000019917934 2.05781095955815241 0.000600000000019917934 2.09585101699489718
0.000799999999998135536 2.74333997622519421 0.000799999999998135536 2.77163003725459145
0.001007140329434719206 3.45315631598235262 0.001007140329434719206 3.48126105581695988
0.001267914553977789183 4.34650322199673500 0.001267914553977789183 4.38124364018119383
0.001596209851982166583 5.47076708954882562 0.001596209851982166583 5.51352508837709632
0.002009509145224797066 6.88553339790788321 0.002009509145224797066 6.93787055217628978
0.002529822128153114136 8.66570808194606812 0.002529822128153114136 8.72931720843982895
0.003184857364431081805 10.90542724710173950 0.003184857364431081805 10.98202061227436310
0.004009497869034817086 13.72294872349686123 0.004009497869034817086 13.81403923680526979
0.005047658755856332391 17.26676335876443957 0.005047658755856332391 17.37326920631631921
0.006354625877790454069 21.72321680308182579 0.006354625877790454069 21.84477962526762340
0.008000000000009777068 27.32599440603583929 0.008000000000009777068 27.45983850028568796
0.010071403294361402914 34.36789259629316007 0.010071403294361402914 34.50695582190412836
0.012679145539692626699 43.21537830089441456 0.012679145539692626699 43.34529635045940665
0.015962098519750611558 54.32651985534442218 0.015962098519750611558 54.42081714277577476
0.020095091452091651263 68.27295093432653061 0.020095091452091651263 68.28544293028224388
0.025298221281360611101 85.76658969115932507 0.025298221281360611101 85.61947306416648473
0.031848573644296607199 107.69185545588899799 0.031848573644296607199 107.25716625730402143
0.040094978690191851456 135.14406761475606800 0.040094978690191851456 134.21499850408255838
0.050476587558435426217 169.47451728743388344 0.050476587558435426217 167.72132702663424197
0.063546258777947173257 212.34228399680517896 0.063546258777947173257 209.24496905718240214
0.080000000000012505552 265.77209829276512210 0.080000000000012505552 260.51832205855544089
0.100714032943542974863 332.21624752991124296 0.100714032943542974863 323.54787155888220695
0.126791455396883634421 414.61644623689215905 0.126791455396883634421 400.60099356983346297
0.159620985197506115583 516.45844599262545671 0.159620985197506115583 494.15263664970075297
0.200950914520774404082 641.80760436254547585 0.200950914520774404082 606.76869319198215180
0.252982212813464002465 795.30734868055935749 0.252982212813464002465 740.89494206811923505
0.318485736442809752589 982.11428466793904590 0.318485736442809752589 898.51246711527835487
0.400949786901833249431 1207.73384908977891428 0.400949786901833249431 1080.61521911956947406
0.504765875584169521062 1477.71008699971116584 0.504765875584169521062 1286.46921222866671997
0.635462587779443310865 1797.11562530957553463 0.635462587779443310865 1512.63884101495796131
0.800000000000011368684 2169.79060847237269627 0.800000000000011368684 1751.83755778365457445
1.007140329435344483500 2597.30648172884639280 1.007140329435344483500 1991.80972153896732380
1.267914553968907398485 3077.70393698983616559 1.267914553968907398485 2214.69586207209158601
1.596209851975117999245 3604.19545400071956465 1.596209851975117999245 2397.61952279820616241
2.009509145207687197399 4164.22550846443300543 2.009509145207687197399 2515.35181033575736365
2.529822128134725289783 4739.46759847554130829 2.529822128134725289783 2545.49964517121861718
3.184857364427983839050 5307.33345828933306620 3.184857364427983839050 2475.45856523491738699
4.009497869018204596614 5844.18193115590929665 4.009497869018204596614 2309.08126599757042641
5.009497869018190385759 6314.61411683619098767 5.009497869018190385759 2077.19844563240349089
6.009497869018190385759 6654.78025342020191601 6.009497869018190385759 1856.07966761958391544
7.009497869018204596614 6909.05515876221852523 7.009497869018204596614 1662.22336692595854402
8.009497869018190385759 7104.93937354981517274 8.009497869018190385759 1499.37732985176194234
9.009497869018204596614 7259.98398753761011903 9.009497869018204596614 1366.79329606555597820
10.009497869018190385759 7385.69681221966402518 10.009497869018190385759 1260.04302548667624251
11.009497869018190385759 7489.82777626279221295 11.009497869018190385759 1169.84248066127270249
12.009497869018204596614 7577.71549057047468523 12.009497869018204596614 1095.87326668614468872
13.009497869018190385759 7653.12233136222948815 13.009497869018190385759 1035.02621438638516338
14.009497869018204596614 7718.75458338217868004 14.009497869018204596614 984.74388970371842333
15.009497869018190385759 7776.59628306833747047 15.009497869018190385759 942.96040106687337357
16.009497869018190385759 7828.12797890226829622 16.009497869018190385759 908.02604059203531506
17.009497869018204596614 7874.47296632489633339 17.009497869018204596614 879.40838397338643517
18.009497869018190385759 7916.49690683884182363 18.009497869018190385759 854.38224466410531477
19.009497869018204596614 7954.87843227737630514 19.009497869018204596614 834.06636444339824266
20.009497869018190385759 7990.15252262347348733 20.009497869018190385759 815.60605824916945039
21.009497869018190385759 8022.74917588122843881 21.009497869018190385759 799.68696641090980393
22.009497869018204596614 8053.02019939795627579 22.009497869018204596614 785.86617477636309559
23.009497869018190385759 8081.25045295316976990 23.009497869018190385759 774.16605099645505561
24.009497869018204596614 8107.67891353710547264 24.009497869018204596614 763.51393852446892652
25.009497869018204596614 8132.50483355611322622 25.009497869018204596614 754.10350560267988840
26.009497869018190385759 8155.89603181390157260 26.009497869018190385759 746.14818140109071010
27.009497869018204596614 8177.99653740297071636 27.009497869018204596614 738.63196401389120638
28.009497869018190385759 8198.92863460065927939 28.009497869018190385759 731.89642944191098195
29.009497869018190385759 8218.79905745536052564 29.009497869018190385759 726.00513123329392329
30.009497869018190385759 8237.70010864678079088 30.009497869018190385759 720.48794246697593735
31.009497869018218807469 8255.71236109558049066 31.009497869018218807469 715.47129162016096871
32.009497869018190385759 8272.90779751704758382 32.009497869018190385759 710.89612771775296096
33.009497869018190385759 8289.34830655366567953 33.009497869018190385759 706.87494609514396871
34.009497869018218807469 8305.09104860881234345 34.009497869018218807469 702.99239372419663141
35.009497869018190385759 8320.18524023152895097 35.009497869018190385759 699.50451423442791565
36.009497869018190385759 8334.67578570063415100 36.009497869018190385759 696.17680865561499104
37.009497869018190385759 8348.60371568243681395 37.009497869018190385759 693.08490573295807735
38.009497869018218807469 8362.00479114330119046 38.009497869018218807469 690.20623669959684321
39.009497869018190385759 8374.91241454607552441 39.009497869018190385759 687.56695510690178708
40.009497869018190385759 8387.35697274405356438 40.009497869018190385759 685.19134641798632401
41.009497869018218807469 8399.36548299804780982 41.009497869018218807469 682.74949832269010130
42.009497869018190385759 8410.96327278523858695 42.009497869018190385759 680.54976544288217610
43.009497869018190385759 8422.17370155821663502 43.009497869018190385759 678.38547110643833093
44.009497869018218807469 8433.01760138333520445 44.009497869018218807469 676.41831271173782625
46.009497869018190385759 8453.68307405788254982 46.009497869018190385759 672.76818534757489942
48.009497869018218807469 8473.09945342175160476 48.009497869018218807469 669.40411447983240123
50.009497869018190385759 8491.38688284705494880 50.009497869018190385759 666.38757341481243657
52.009497869018190385759 8508.64931668537064979 52.009497869018190385759 663.61622270648069843
54.009497869018218807469 8524.97773448914267647 54.009497869018218807469 661.02433716426048704
56.009497869018190385759 8540.45164865846891189 56.009497869018190385759 658.62827026286652199
58.009497869018218807469 8555.14150709696514241 58.009497869018218807469 656.48431918149947251
60.009497869018190385759 8569.10959516875300324 60.009497869018190385759 654.39905320037439651
62.009497869018190385759 8582.41142225442490599 62.009497869018190385759 652.45098251000933942
64.009497869018218807469 8595.09673196266339801 64.009497869018218807469 650.62401152879488109
66.009497869018190385759 8607.20995856834815640 66.009497869018190385759 648.92373284019322455
68.009497869018190385759 8618.79142760686590918 68.009497869018190385759 647.33375044284503019
70.009497869018190385759 8629.87731433819863014 70.009497869018190385759 645.79764060529430481
72.009497869018190385759 8640.50056632177620486 72.009497869018190385759 644.35749021981803253
74.009497869018218807469 8650.69118061672998010 74.009497869018218807469 642.98270071175227258
76.009497869018190385759 8660.47634595347153663 76.009497869018190385759 641.67498071874126708
78.009497869018190385759 8669.88105366236231930 78.009497869018190385759 640.43497863380264334
80.009497869018218807469 8678.92816818631945353 80.009497869018218807469 639.24703607003607431
82.009497869018190385759 8687.63860287867464649 82.009497869018190385759 638.10968073880530937
84.009497869018218807469 8696.03170953257904330 84.009497869018218807469 637.01158163376828725
86.009497869018190385759 8704.12531697069607617 86.009497869018190385759 635.97273646331507280
88.009497869018190385759 8711.93581542576976062 88.009497869018190385759 634.96446255571686379
91.009497869018218807469 8723.15375850082455145 91.009497869018218807469 633.53236815939067128
94.009497869018218807469 8733.81554879541727132 94.009497869018218807469 632.17849510560370163
97.009497869018218807469 8743.96301630303787533 97.009497869018218807469 630.90709726183706607
99.504748934509137825444 8752.03865971779669053 99.504748934509137825444 629.71860454571014998
nan nan nan nan

