Time Pressure difference Time.1 Pressure.1 difference.1
(hr) (psi) (hr) (psi)
0.000200000000020850166 0.67119732331721305 0.000200000000020850166 0.53497910616751676
0.000399999999999067768 1.34215593757395202 0.000399999999999067768 1.40100381103916871
0.000600000000019917934 2.01291326589506570 0.000600000000019917934 2.05012335844228089
0.000799999999998135536 2.68348528583482615 0.000799999999998135536 2.71115810916903666
0.001007140329434719206 3.37781472363364665 0.001007140329434719206 3.40530626914459011
0.001267914553977789183 4.25167042442589782 0.001267914553977789183 4.28565286984996785
0.001596209851982166583 5.35140489850412315 0.001596209851982166583 5.39322999553977844
0.002009509145224797066 6.73530357831716664 0.002009509145224797066 6.78649883103789886
0.002529822128153114136 8.47663808743087976 0.002529822128153114136 8.53885937843750575
0.003184857364431081805 10.66749065261951834 0.003184857364431081805 10.74241288982474174
0.004009497869034817086 13.42353893316601976 0.004009497869034817086 13.51264201709315493
0.005047658755856332391 16.89003397639139692 0.005047658755856332391 16.99421605999668827
0.006354625877790454069 21.24925570919640450 0.006354625877790454069 21.36816625162542138
0.008000000000009777068 26.72979089172233103 0.008000000000009777068 26.86071475118854579
0.010071403294361402914 33.61804766691948743 0.010071403294361402914 33.75407678578985582
0.012679145539692626699 42.27249731978399439 0.012679145539692626699 42.39958079372210875
0.015962098519750611558 53.14121396759146165 0.015962098519750611558 53.23345385966066345
0.020095091452091651263 66.78335927757758839 0.020095091452091651263 66.79557872089426951
0.025298221281360611101 83.89531864335222622 0.025298221281360611101 83.75141183367557574
0.031848573644296607199 105.34221497321505012 0.031848573644296607199 104.91700990259921866
0.040094978690191851456 132.19546977588865388 0.040094978690191851456 131.28667126399346898
0.050476587558435426217 165.77689145570806772 0.050476587558435426217 164.06195261878039560
0.063546258777947173257 207.70936143687487174 0.063546258777947173257 204.67962427775296419
0.080000000000012505552 259.97343433001390167 0.080000000000012505552 254.83428594091421360
0.100714032943542974863 324.96789303834952989 0.100714032943542974863 316.48864527032480964
0.126791455396883634421 405.57026922808728386 0.126791455396883634421 391.86060825558251963
0.159620985197506115583 505.19026171642275358 0.159620985197506115583 483.37112457734366444
0.200950914520774404082 627.80452935827179317 0.200950914520774404082 593.53010352233900448
0.252982212813464002465 777.95518834571089428 0.252982212813464002465 724.72996151390577779
0.318485736442809752589 960.68633663882042129 0.318485736442809752589 878.90855874185410812
0.400949786901833249431 1181.38329238236565288 0.400949786901833249431 1057.03815979332421193
0.504765875584169521062 1445.46913964699024291 0.504765875584169521062 1258.40079305276844934
0.635462587779443310865 1757.90582984827551627 0.635462587779443310865 1479.63581175644981158
0.800000000000011368684 2122.44972246933957649 0.800000000000011368684 1713.61564743201120109
1.007140329435344483500 2540.63797667294466009 1.007140329435344483500 1948.35205488720794165
1.267914553968907398485 3010.55403291005768551 1.267914553968907398485 2166.37522508142819788
1.596209851975117999245 3525.55846227706706486 1.596209851975117999245 2345.30782411897280326
2.009509145207687197399 4073.36967918884556639 2.009509145207687197399 2460.47140720115930890
2.529822128134725289783 4636.06103269062077743 2.529822128134725289783 2489.96147109475577963
3.184857364427983839050 5191.53709192665701266 3.184857364427983839050 2421.44856017524671188
4.009497869018204596614 5716.67250720341689885 4.009497869018204596614 2258.70131110307829658
5.009497869018190385759 6176.84071792340182583 5.009497869018190385759 2031.87775227315114535
6.009497869018190385759 6509.58504789103426447 6.009497869018190385759 1815.58338396242925228
7.009497869018204596614 6758.31213711649706966 7.009497869018204596614 1625.95667528393732937
8.009497869018190385759 6949.92251449054674595 8.009497869018190385759 1466.66364265499623798
9.009497869018204596614 7101.58433690042602393 9.009497869018204596614 1336.97235142412546338
10.009497869018190385759 7224.55433631668984162 10.009497869018190385759 1232.55117765787599637
11.009497869018190385759 7326.41335205342147674 11.009497869018190385759 1144.31864471957214846
12.009497869018204596614 7412.38351623075595853 12.009497869018204596614 1071.96330450390155420
13.009497869018190385759 7486.14511685978141031 13.009497869018190385759 1012.44382425431865613
14.009497869018204596614 7550.34539247202246770 14.009497869018204596614 963.25856847381908210
15.009497869018190385759 7606.92509143775441771 15.009497869018190385759 922.38671958905069914
16.009497869018190385759 7657.33245936258299480 16.009497869018190385759 888.21456334275455902
17.009497869018204596614 7702.66628342326293932 17.009497869018204596614 860.22129195942159186
18.009497869018190385759 7743.77333796235870977 18.009497869018190385759 835.74117750779748803
19.009497869018204596614 7781.31744830041498062 19.009497869018204596614 815.86855285554224793
20.009497869018190385759 7815.82192212987047242 20.009497869018190385759 797.81101697827841690
21.009497869018190385759 7847.70737568018284946 21.009497869018190385759 782.23925078012644008
22.009497869018204596614 7877.31794050200005586 22.009497869018204596614 768.72000369033332845
23.009497869018190385759 7904.93226125237379165 23.009497869018190385759 757.27515533835060069
24.009497869018204596614 7930.78410087811425910 24.009497869018204596614 746.85545259302602972
25.009497869018204596614 7955.06836446034412802 25.009497869018204596614 737.65033820771236606
26.009497869018190385759 7977.94920930159787531 26.009497869018190385759 729.86858471597611242
27.009497869018204596614 7999.56752204145141150 27.009497869018204596614 722.51635752631534615
28.009497869018190385759 8020.04291893664412783 28.009497869018190385759 715.92778007226934278
29.009497869018190385759 8039.47980529269807448 29.009497869018190385759 710.16501927911303937
30.009497869018190385759 8057.96846991266920668 30.009497869018190385759 704.76820554042376443
31.009497869018218807469 8075.58772776258592785 31.009497869018218807469 699.86100889390297652
32.009497869018190385759 8092.40799102576784207 32.009497869018190385759 695.38566674936566869
33.009497869018190385759 8108.48979804703958507 33.009497869018190385759 691.45221999852265071
34.009497869018218807469 8123.88906209371089062 34.009497869018218807469 687.65437786112329377
35.009497869018190385759 8138.65392589920429600 35.009497869018190385759 684.24259756022229340
36.009497869018190385759 8152.82831401262046711 36.009497869018190385759 680.98749646676526481
37.009497869018190385759 8166.45236188572926039 37.009497869018190385759 677.96305324423894945
38.009497869018218807469 8179.56105024562839390 38.009497869018218807469 675.14719153524185913
39.009497869018190385759 8192.18705277415938326 39.009497869018190385759 672.56549426820572535
40.009497869018190385759 8204.36009333872971183 40.009497869018190385759 670.24171704159380170
41.009497869018218807469 8216.10659973263682332 41.009497869018218807469 667.85314563201313831
42.009497869018190385759 8227.45134683356081950 42.009497869018190385759 665.70140692412837780
43.009497869018190385759 8238.41718443331228627 43.009497869018190385759 663.58433355502518225
44.009497869018218807469 8249.02449008042458445 44.009497869018218807469 661.66009497984532572
46.009497869018190385759 8269.23907971480184642 46.009497869018190385759 658.08960675817320407
48.009497869018218807469 8288.23182898345658032 48.009497869018218807469 654.79893380027237981
50.009497869018190385759 8306.12025994857322075 50.009497869018190385759 651.84820817667116444
52.009497869018190385759 8323.00605886678022216 52.009497869018190385759 649.13732330197558440
54.009497869018218807469 8338.97822028210612189 54.009497869018218807469 646.60198798976750822
56.009497869018190385759 8354.11452177864885016 56.009497869018190385759 644.25819891167668629
58.009497869018218807469 8368.48387421484949300 58.009497869018218807469 642.16102494481219765
60.009497869018190385759 8382.14720400143414736 60.009497869018190385759 640.12125567600264731
62.009497869018190385759 8395.15880940523675235 62.009497869018190385759 638.21568834615447940
64.009497869018218807469 8407.56734871984190249 64.009497869018218807469 636.42857854998476341
66.009497869018190385759 8419.41628674503954244 66.009497869018190385759 634.76539685095269760
68.009497869018190385759 8430.74506918635233887 68.009497869018190385759 633.21010497863744604
70.009497869018190385759 8441.58908202536622412 70.009497869018190385759 631.70751026481525514
72.009497869018190385759 8451.98055396566633135 72.009497869018190385759 630.29878134229466013
74.009497869018218807469 8461.94882758509083942 74.009497869018218807469 628.95398724167773707
76.009497869018190385759 8471.52049840539621073 76.009497869018190385759 627.67479932124138031
78.009497869018190385759 8480.72001249154891411 78.009497869018190385759 626.46185182724696006
80.009497869018218807469 8489.56973542589003046 80.009497869018218807469 625.29982801032622319
82.009497869018190385759 8498.09012427041125193 82.009497869018190385759 624.18728770450422871
84.009497869018218807469 8506.30010859732283279 84.009497869018218807469 623.11314712539524407
86.009497869018190385759 8514.21712823679081339 86.009497869018190385759 622.09696766775175547
88.009497869018190385759 8521.85721581647885614 88.009497869018190385759 621.11069246359204499
91.009497869018218807469 8532.83040376989811193 91.009497869018218807469 619.70984376318585873
94.009497869018218807469 8543.25957318533437501 94.009497869018218807469 618.38550975784505681
97.009497869018218807469 8553.18564140188027523 97.009497869018218807469 617.14185150339699248
99.504748934509137825444 8561.08508896031707991 99.504748934509137825444 615.97928953744019509
nan nan nan nan

