Time Pressure difference Time.1 Pressure.1 difference.1
(hr) (psi) (hr) (psi)
0.000200000000020850166 0.48406052313583392 0.000200000000020850166 0.38582136281226109
0.000399999999999067768 0.96794889178195809 0.000399999999999067768 1.01038936558215142
0.000600000000019917934 1.45169209510647845 0.000600000000019917934 1.47852762653458192
0.000799999999998135536 1.93530165595522785 0.000799999999998135536 1.95525900809960285
0.001007140329434719206 2.43604481927482341 0.001007140329434719206 2.45587143573996469
0.001267914553977789183 3.06626045479042419 0.001267914553977789183 3.09076824070964218
0.001596209851982166583 3.85937751044535293 0.001596209851982166583 3.88954133507329702
0.002009509145224797066 4.85743083343319793 0.002009509145224797066 4.89435231680800076
0.002529822128153114136 6.11326315599104397 0.002529822128153114136 6.15813650340846142
0.003184857364431081805 7.69328322159177258 0.003184857364431081805 7.74731635920445960
0.004009497869034817086 9.68091655403051199 0.004009497869034817086 9.74517677069171739
0.005047658755856332391 12.18091669672836730 0.005047658755856332391 12.25605173100132994
0.006354625877790454069 15.32474203562863302 0.006354625877790454069 15.41049908109788547
0.008000000000009777068 19.27724696280346350 0.008000000000009777068 19.37166788747426693
0.010071403294361402914 24.24498604974863269 0.010071403294361402914 24.34308883436145621
0.012679145539692626699 30.48648505590369595 0.012679145539692626699 30.57813633450590984
0.015962098519750611558 38.32489037067934134 0.015962098519750611558 38.39141282072181838
0.020095091452091651263 48.16346356821581054 0.020095091452091651263 48.17227610354456147
0.025298221281360611101 60.50443054576330582 0.025298221281360611101 60.40064645253927011
0.031848573644296607199 75.97170893979078699 0.031848573644296607199 75.66505546878902067
0.040094978690191851456 95.33799679004610539 0.040094978690191851456 94.68258076288005043
0.050476587558435426217 119.55656855913518655 0.050476587558435426217 118.31977252060741534
0.063546258777947173257 149.79782943774620207 0.063546258777947173257 147.61281453488504667
0.080000000000012505552 187.49013479562339057 0.080000000000012505552 183.78383447039911402
0.100714032943542974863 234.36346189382828697 0.100714032943542974863 228.24831666335691693
0.126791455396883634421 292.49305661802577561 0.126791455396883634421 282.60579182744612581
0.159620985197506115583 364.33795826388859496 0.159620985197506115583 348.60222367287980205
0.200950914520774404082 452.76609180485019124 0.200950914520774404082 428.04773265179835562
0.252982212813464002465 561.05318416010368310 0.252982212813464002465 522.66770458623682316
0.318485736442809752589 692.83698627483704513 0.318485736442809752589 633.85970407405091009
0.400949786901833249431 852.00133353969863492 0.400949786901833249431 762.32491821525991327
0.504765875584169521062 1042.45729773797825146 0.504765875584169521062 907.54555335404108973
0.635462587779443310865 1267.78338658202778788 0.635462587779443310865 1067.09794602509759898
0.800000000000011368684 1530.68864743141921281 0.800000000000011368684 1235.84176803646914777
1.007140329435344483500 1832.28166347416799908 1.007140329435344483500 1405.13122174021691535
1.267914553968907398485 2171.18023191282964035 1.267914553968907398485 1562.36726269813016188
1.596209851975117999245 2542.59606573141627450 1.596209851975117999245 1691.41159062855263073
2.009509145207687197399 2937.67181324400007725 2.009509145207687197399 1774.46636801867975919
2.529822128134725289783 3343.47896037910959421 2.529822128134725289783 1795.73429513896894605
3.184857364427983839050 3744.08251239320225068 3.184857364427983839050 1746.32349692936008978
4.009497869018204596614 4122.80470779725965258 4.009497869018204596614 1628.95187492192258105
5.009497869018190385759 4454.67323151353048161 5.009497869018190385759 1465.36908528249568917
6.009497869018190385759 4694.64497877643316315 6.009497869018190385759 1309.37983824799744070
7.009497869018204596614 4874.02436654498342250 7.009497869018204596614 1172.62302975867623900
8.009497869018190385759 5012.21177624968731834 8.009497869018190385759 1057.74255269542481983
9.009497869018204596614 5121.58870393562301615 9.009497869018204596614 964.21054340624675660
10.009497869018190385759 5210.27338752950890921 10.009497869018190385759 888.90307979787337445
11.009497869018190385759 5283.73304943629773334 11.009497869018190385759 825.27069544831590520
12.009497869018204596614 5345.73383698426277988 12.009497869018204596614 773.08877722586214531
13.009497869018190385759 5398.92993557917361613 13.009497869018190385759 730.16394760348634918
14.009497869018204596614 5445.23050609506390174 14.009497869018204596614 694.69205310007771459
15.009497869018190385759 5486.03519605548171967 15.009497869018190385759 665.21570111626704147
16.009497869018190385759 5522.38846511650990578 16.009497869018190385759 640.57109772674493797
17.009497869018204596614 5555.08274715283641854 17.009497869018204596614 620.38264178486167566
18.009497869018190385759 5584.72872700631160114 18.009497869018190385759 602.72783805395067702
19.009497869018204596614 5611.80514858840342640 19.009497869018204596614 588.39590800734276854
20.009497869018190385759 5636.68941595983233128 20.009497869018190385759 575.37300109214140775
21.009497869018190385759 5659.68487316712071333 21.009497869018190385759 564.14280539533285719
22.009497869018204596614 5681.03970430255776591 22.009497869018204596614 554.39286511496163712
23.009497869018190385759 5700.95486499241815181 23.009497869018190385759 546.13895961204468676
24.009497869018204596614 5719.59894264072227088 24.009497869018204596614 538.62437844998908076
25.009497869018204596614 5737.11250076322176028 25.009497869018204596614 531.98574577061788204
26.009497869018190385759 5753.61392789780620660 26.009497869018190385759 526.37362615204222038
27.009497869018204596614 5769.20483002245964599 27.009497869018204596614 521.07127643161777542
28.009497869018190385759 5783.97147313646382827 28.009497869018190385759 516.31966295174811421
29.009497869018190385759 5797.98915325941834453 29.009497869018190385759 512.16361985185096728
30.009497869018190385759 5811.32298573627485894 30.009497869018190385759 508.27149395852120506
31.009497869018218807469 5824.02981110015480226 31.009497869018218807469 504.73247481567722161
32.009497869018190385759 5836.16040988475378981 32.009497869018190385759 501.50490464452389006
33.009497869018190385759 5847.75844171422249929 33.009497869018190385759 498.66814379075606212
34.009497869018218807469 5858.86423065494273033 34.009497869018218807469 495.92917957270594798
35.009497869018190385759 5869.51249674515111110 35.009497869018190385759 493.46863913265093515
36.009497869018190385759 5879.73491791244759952 36.009497869018190385759 491.12109410614294802
37.009497869018190385759 5889.56043942688211246 37.009497869018190385759 488.93989713525041907
38.009497869018218807469 5899.01428902472798654 38.009497869018218807469 486.90912698080649079
39.009497869018190385759 5908.12003062523126573 39.009497869018190385759 485.04723378450529481
40.009497869018190385759 5916.89910077216791251 40.009497869018190385759 483.37134983668852328
41.009497869018218807469 5925.37055891498584970 41.009497869018218807469 481.64873699855223776
42.009497869018190385759 5933.55227243758599798 42.009497869018190385759 480.09692543970601264
43.009497869018190385759 5941.46072037197882310 43.009497869018190385759 478.57011416236014156
44.009497869018218807469 5949.11059879406184336 44.009497869018218807469 477.18237333118958077
46.009497869018190385759 5963.68915042628759693 46.009497869018190385759 474.60737439065280796
48.009497869018218807469 5977.38652350479969755 48.009497869018218807469 472.23417530577268053
50.009497869018190385759 5990.28747371755798667 50.009497869018190385759 470.10614269990406910
52.009497869018190385759 6002.46533613440715271 52.009497869018190385759 468.15108074566268215
54.009497869018218807469 6013.98429269415919407 54.009497869018218807469 466.32262330860555721
56.009497869018190385759 6024.90043578088352660 56.009497869018190385759 464.63230702180402432
58.009497869018218807469 6035.26346318840387539 58.009497869018218807469 463.11984698622148926
60.009497869018190385759 6045.11731440995663434 60.009497869018190385759 461.64878662135504328
62.009497869018190385759 6054.50114879039483640 62.009497869018190385759 460.27451129797020712
64.009497869018218807469 6063.45005818456957059 64.009497869018218807469 458.98566631485891776
66.009497869018190385759 6071.99538895367186342 66.009497869018190385759 457.78619698544542871
68.009497869018190385759 6080.16558892993361951 68.009497869018190385759 456.66453667604338307
70.009497869018190385759 6087.98617811494841590 70.009497869018190385759 455.58088100882588378
72.009497869018190385759 6095.48039951427108463 72.009497869018190385759 454.56492037325341471
74.009497869018218807469 6102.66941468962068029 74.009497869018218807469 453.59506886574519058
76.009497869018190385759 6109.57240405444917997 76.009497869018190385759 452.67253185249387570
78.009497869018190385759 6116.20699785635770240 78.009497869018190385759 451.79776674530080527
80.009497869018218807469 6122.58932592053042754 80.009497869018218807469 450.95972726395274321
82.009497869018190385759 6128.73414166713700979 82.009497869018190385759 450.15737477573907199
84.009497869018218807469 6134.65509690661929199 84.009497869018218807469 449.38271577073106755
86.009497869018190385759 6140.36476906296320522 86.009497869018190385759 448.64985772321136892
88.009497869018190385759 6145.87472070036074001 88.009497869018190385759 447.93856631203300367
91.009497869018218807469 6153.78846963330943254 91.009497869018218807469 446.92828881062473556
94.009497869018218807469 6161.30987805931272305 94.009497869018218807469 445.97319291086222393
97.009497869018218807469 6168.46845513741482137 97.009497869018218807469 445.07627952289601581
99.504748934509137825444 6174.16545449182740413 99.504748934509137825444 444.23785193406462213
nan nan nan nan

