Time Pressure difference Time.1 Pressure.1 difference.1
(hr) (psi) (hr) (psi)
0.000200000000020850166 0.28527965538761346 0.000200000000020850166 0.22738269320378965
0.000399999999999067768 0.57045785202957322 0.000399999999999067768 0.59547002129669746
0.000600000000019917934 0.85555049591326826 0.000600000000019917934 0.87136593797484818
0.000799999999998135536 1.14056437799423227 0.000799999999998135536 1.15232618518584840
0.001007140329434719206 1.43567589864478440 0.001007140329434719206 1.44736065714571804
0.001267914553977789183 1.80709164259985489 0.001267914553977789183 1.82153523464502998
0.001596209851982166583 2.27451286268514830 0.001596209851982166583 2.29228982462223518
0.002009509145224797066 2.86271267331200496 0.002009509145224797066 2.88447224169268779
0.002529822128153114136 3.60283378437272894 0.002529822128153114136 3.62927976059983193
0.003184857364431081805 4.53401399485563239 0.003184857364431081805 4.56585826667891670
0.004009497869034817086 5.70541989352657275 0.004009497869034817086 5.74329146451419081
0.005047658755856332391 7.17878767521963912 0.005047658755856332391 7.22306828820181490
0.006354625877790454069 9.03159195570553486 0.006354625877790454069 9.08213261995975074
0.008000000000009777068 11.36098918941853775 0.008000000000009777068 11.41663588557332254
0.010071403294361402914 14.28871170973158122 0.010071403294361402914 14.34652829928862339
0.012679145539692626699 17.96712091782640641 0.012679145539692626699 18.02113533116069988
0.015962098519750611558 22.58666219440380374 0.015962098519750611558 22.62586700602677681
0.020095091452091651263 28.38499657027151457 0.020095091452091651263 28.39019021222643246
0.025298221281360611101 35.65810941099108788 0.025298221281360611101 35.59694455879891706
0.031848573644296607199 44.77370475317567156 0.031848573644296607199 44.59297942576397844
0.040094978690191851456 56.18716992952888489 0.040094978690191851456 55.80090240836401705
0.050476587558435426217 70.46031446010887578 0.050476587558435426217 69.73141232743702744
0.063546258777947173257 88.28291322533840457 0.063546258777947173257 86.99518107468311712
0.080000000000012505552 110.49676329020417143 0.080000000000012505552 108.31246601949638375
0.100714032943542974863 138.12142170031461319 0.100714032943542974863 134.51747872084436608
0.126791455396883634421 172.37992855667152980 0.126791455396883634421 166.55289793267013465
0.159620985197506115583 214.72151148541885846 0.159620985197506115583 205.44770226769378496
0.200950914520774404082 266.83637369254921623 0.200950914520774404082 252.26868092709079860
0.252982212813464002465 330.65505526961442229 0.252982212813464002465 308.03268500529077301
0.318485736442809752589 408.32145411042802152 0.318485736442809752589 373.56336511580661863
0.400949786901833249431 502.12449725793237576 0.400949786901833249431 449.27396382789373774
0.504765875584169521062 614.36916344351629959 0.504765875584169521062 534.85932096294857274
0.635462587779443310865 747.16443573476897200 0.635462587779443310865 628.89105753712794922
0.800000000000011368684 902.10688328002891012 0.800000000000011368684 728.33973614520425599
1.007140329435344483500 1079.84984634302350059 1.007140329435344483500 828.10998119741304890
1.267914553968907398485 1279.57872774244083303 1.267914553968907398485 920.77658265542720528
1.596209851975117999245 1498.47156451181422199 1.596209851975117999245 996.82848038761767384
2.009509145207687197399 1731.30830230703099915 2.009509145207687197399 1045.77657084262409626
2.529822128134725289783 1970.46955912377075038 2.529822128134725289783 1058.31076156815515787
3.184857364427983839050 2206.56409235544379044 3.184857364427983839050 1029.19065197039617487
4.009497869018204596614 2429.76291198360877388 4.009497869018204596614 960.01802937838385787
5.009497869018190385759 2625.34865706037999189 5.009497869018190385759 863.61099012353270155
6.009497869018190385759 2766.77530536136873707 6.009497869018190385759 771.67918302244515871
7.009497869018204596614 2872.49202358235243082 7.009497869018204596614 691.08195740073176694
8.009497869018190385759 2953.93236985162002384 8.009497869018190385759 623.37748380503558110
9.009497869018204596614 3018.39334269745495476 9.009497869018204596614 568.25466733392204333
10.009497869018190385759 3070.65940192890275284 10.009497869018190385759 523.87243362658171009
11.009497869018190385759 3113.95263910077301261 11.009497869018190385759 486.37087377795938892
12.009497869018204596614 3150.49262214020927786 12.009497869018204596614 455.61761269496679461
13.009497869018190385759 3181.84358746332691226 13.009497869018190385759 430.31998973882440396
14.009497869018204596614 3209.13069345465146398 14.009497869018204596614 409.41473232530353243
15.009497869018190385759 3233.17881829386624304 15.009497869018190385759 392.04293038295463703
16.009497869018190385759 3254.60351122845850114 16.009497869018190385759 377.51870536129467837
17.009497869018204596614 3273.87179084780564153 17.009497869018204596614 365.62069782166247478
18.009497869018190385759 3291.34356247966434239 18.009497869018190385759 355.21589081186436943
19.009497869018204596614 3307.30097244986654914 19.009497869018204596614 346.76940970192191571
20.009497869018190385759 3321.96644273921356216 20.009497869018190385759 339.09439755086680179
21.009497869018190385759 3335.51874827546816960 21.009497869018190385759 332.47591451992980183
22.009497869018204596614 3348.10415562848356785 22.009497869018204596614 326.72981569490002585
23.009497869018190385759 3359.84109740962094293 23.009497869018190385759 321.86540059610194930
24.009497869018204596614 3370.82893011300302533 24.009497869018204596614 317.43670413805193675
25.009497869018204596614 3381.15049443605630586 25.009497869018204596614 313.52424535965968744
26.009497869018190385759 3390.87556231777989524 26.009497869018190385759 310.21675905524136851
27.009497869018204596614 3400.06401494450801692 27.009497869018204596614 307.09183473547233234
28.009497869018190385759 3408.76669293094028035 28.009497869018190385759 304.29148521039451225
29.009497869018190385759 3417.02797176628928355 29.009497869018190385759 301.84213334911493121
30.009497869018190385759 3424.88622698890412721 30.009497869018190385759 299.54832032263368546
31.009497869018218807469 3432.37495740095027941 31.009497869018218807469 297.46260972813968237
32.009497869018190385759 3439.52409036163317069 32.009497869018190385759 295.56045067538093463
33.009497869018190385759 3446.35935654291779429 33.009497869018190385759 293.88861395228406082
34.009497869018218807469 3452.90452081554167307 34.009497869018218807469 292.27441339078723104
35.009497869018190385759 3459.18004533262319455 35.009497869018190385759 290.82430106958639726
36.009497869018190385759 3465.20459938826388679 36.009497869018190385759 289.44078226530416487
37.009497869018190385759 3470.99524179281888792 37.009497869018190385759 288.15530020170257330
38.009497869018218807469 3476.56684043897212177 38.009497869018218807469 286.95847174298387472
39.009497869018190385759 3481.93328265370109875 39.009497869018190385759 285.86117042626341345
40.009497869018190385759 3487.10720200146715797 40.009497869018190385759 284.87349311681123254
41.009497869018218807469 3492.09983111312794790 41.009497869018218807469 283.85827627234266402
42.009497869018190385759 3496.92170007919594354 42.009497869018190385759 282.94372066291953161
43.009497869018190385759 3501.58252076905273498 43.009497869018190385759 282.04389889637377564
44.009497869018218807469 3506.09095427210195339 44.009497869018218807469 281.22603789106187833
46.009497869018190385759 3514.68278109315588154 46.009497869018190385759 279.70846978693111851
48.009497869018218807469 3522.75528790746739105 48.009497869018218807469 278.30983183828186611
50.009497869018190385759 3530.35842523216933841 50.009497869018190385759 277.05568203791597170
52.009497869018190385759 3537.53541287646339697 52.009497869018190385759 275.90347198584589705
54.009497869018218807469 3544.32407627851580401 54.009497869018218807469 274.82587593617131461
56.009497869018190385759 3550.75747332103674125 56.009497869018190385759 273.82969296989477925
58.009497869018218807469 3556.86489325364709657 58.009497869018218807469 272.93832906576278674
60.009497869018190385759 3562.67223168834243552 60.009497869018190385759 272.07136393664052321
62.009497869018190385759 3568.20256707062753776 62.009497869018190385759 271.26143878900990103
64.009497869018218807469 3573.47658068265855036 64.009497869018218807469 270.50186176288076467
66.009497869018190385759 3578.51274641084091854 66.009497869018190385759 269.79495801719548354
68.009497869018190385759 3583.32782990200576023 68.009497869018190385759 269.13391079017674201
70.009497869018190385759 3587.93687129454838214 70.009497869018190385759 268.49526148801930958
72.009497869018190385759 3592.35356878590209817 72.009497869018190385759 267.89650805502736830
74.009497869018218807469 3596.59039388065230014 74.009497869018218807469 267.32492890197698898
76.009497869018190385759 3600.65865049944341081 76.009497869018190385759 266.78123440791301846
78.009497869018190385759 3604.56872897720086257 78.009497869018190385759 266.26569414714464301
80.009497869018218807469 3608.33013537928172809 80.009497869018218807469 265.77179802669382980
82.009497869018190385759 3611.95156459076952160 82.009497869018190385759 265.29893393140633862
84.009497869018218807469 3615.44106226627218348 84.009497869018218807469 264.84239090955458096
86.009497869018190385759 3618.80604087387700929 86.009497869018190385759 264.41048315989951334
88.009497869018190385759 3622.05331477701702170 88.009497869018190385759 263.99128564437683053
91.009497869018218807469 3626.71725959488821900 91.009497869018218807469 263.39588154990428848
94.009497869018218807469 3631.14997968100396974 94.009497869018218807469 262.83299857117827969
97.009497869018218807469 3635.36886617205027505 97.009497869018218807469 262.30440528583045534
99.504748934509137825444 3638.72637610085348570 99.504748934509137825444 261.81028043536798577
nan nan nan nan

