Time Pressure difference Time.1 Pressure.1 difference.1
(hr) (psi) (hr) (psi)
0.000200000000020850166 0.59384744590890970 0.000200000000020850166 0.47332723891401107
0.000399999999999067768 1.18748369197992809 0.000399999999999067768 1.23954984025026826
0.000600000000019917934 1.78094184863578286 0.000600000000019917934 1.81386378925376524
0.000799999999998135536 2.37423605215125910 0.000799999999998135536 2.39871981406033763
0.001007140329434719206 2.98854982983199990 0.001007140329434719206 3.01287320467067810
0.001267914553977789183 3.76170097030990158 0.001267914553977789183 3.79176722313863390
0.001596209851982166583 4.73470024477316542 0.001596209851982166583 4.77170534921363299
0.002009509145224797066 5.95911617709845931 0.002009509145224797066 6.00441160515620709
0.002529822128153114136 7.49977644910241459 0.002529822128153114136 7.55482725675883415
0.003184857364431081805 9.43815158112805186 0.003184857364431081805 9.50443965716835670
0.004009497869034817086 11.87658834979000844 0.004009497869034817086 11.95542304858055971
0.005047658755856332391 14.94359883413067713 0.005047658755856332391 15.03577480401193966
0.006354625877790454069 18.80045672412172308 0.006354625877790454069 18.90566382114070620
0.008000000000009777068 23.64940606776919907 0.008000000000009777068 23.76524204751997615
0.010071403294361402914 29.74384886515553461 0.010071403294361402914 29.86420176586611674
0.012679145539692626699 37.40094558404680214 0.012679145539692626699 37.51338375057941477
0.015962098519750611558 47.01713354753444918 0.015962098519750611558 47.09874356356593950
0.020095091452091651263 59.08713571770805117 0.020095091452091651263 59.09794697238971395
0.025298221281360611101 74.22708489634879925 0.025298221281360611101 74.09976214280591478
0.031848573644296607199 93.20240581273301927 0.031848573644296607199 92.82620206995765955
0.040094978690191851456 116.96104760840705694 0.040094978690191851456 116.15698052353326375
0.050476587558435426217 146.67249132512461074 0.050476587558435426217 145.15518484486889861
0.063546258777947173257 183.77259487723503639 0.063546258777947173257 181.09200958403422987
0.080000000000012505552 230.01367052246581579 0.080000000000012505552 225.46676599976797206
0.100714032943542974863 287.51806149861408812 0.100714032943542974863 280.01597611277810529
0.126791455396883634421 358.83168801592853470 0.126791455396883634421 346.70195079861946397
0.159620985197506115583 446.97130962270864529 0.159620985197506115583 427.66664553683193617
0.200950914520774404082 555.45530850285751967 0.200950914520774404082 525.13072356251552719
0.252982212813464002465 688.30235994899328489 0.252982212813464002465 641.21089531713585075
0.318485736442809752589 849.97527182170722426 0.318485736442809752589 777.62169881249542414
0.400949786901833249431 1045.23874939406323392 0.400949786901833249431 935.22335327439100183
0.504765875584169521062 1278.89091165793183791 0.504765875584169521062 1113.38062731062791499
0.635462587779443310865 1555.32188663155989161 0.635462587779443310865 1309.12016058749100011
0.800000000000011368684 1877.85514478699906249 0.800000000000011368684 1516.13577728185373417
1.007140329435344483500 2247.85070055078313089 1.007140329435344483500 1723.82077718645155073
1.267914553968907398485 2663.61286183120319038 1.267914553968907398485 1916.71860062966470650
1.596209851975117999245 3119.26733837153187778 1.596209851975117999245 2075.03071427626582590
2.009509145207687197399 3603.94789459830963096 2.009509145207687197399 2176.92265767240087371
2.529822128134725289783 4101.79377613519591250 2.529822128134725289783 2203.01423836636377018
3.184857364427983839050 4593.25586571949497738 3.184857364427983839050 2142.39686736694693536
4.009497869018204596614 5057.87381678220572212 4.009497869018204596614 1998.40487748153373104
5.009497869018190385759 5465.01149020732191275 5.009497869018190385759 1797.72083658368046599
6.009497869018190385759 5759.40981932366594265 6.009497869018190385759 1606.35258506713057614
7.009497869018204596614 5979.47319194693773170 7.009497869018204596614 1438.57876846682961514
8.009497869018190385759 6149.00207601765850995 8.009497869018190385759 1297.64292547170657599
9.009497869018204596614 6283.18614194164001674 9.009497869018204596614 1182.89747077673564490
10.009497869018190385759 6391.98487748465504410 10.009497869018190385759 1090.50996387574173241
11.009497869018190385759 6482.10549363834343239 11.009497869018190385759 1012.44549235411966492
12.009497869018204596614 6558.16831547553829296 12.009497869018204596614 948.42849989564524549
13.009497869018190385759 6623.42950859712982492 13.009497869018190385759 895.76814190530797077
14.009497869018204596614 6680.23123943621340004 14.009497869018204596614 852.25107545267269415
15.009497869018190385759 6730.29060134641531477 15.009497869018190385759 816.08936528696688129
16.009497869018190385759 6774.88894174087363353 16.009497869018190385759 785.85526422147063386
17.009497869018204596614 6814.99842176482070499 17.009497869018204596614 761.08798322060351893
18.009497869018190385759 6851.36823210052625654 18.009497869018190385759 739.42899720020750465
19.009497869018204596614 6884.58569775278283487 19.009497869018204596614 721.84652631828646463
20.009497869018190385759 6915.11381957958747080 20.009497869018190385759 705.86997041200845615
21.009497869018190385759 6943.32474130811806390 21.009497869018190385759 692.09272002107843491
22.009497869018204596614 6969.52293620623095194 22.009497869018204596614 680.13145307917966420
23.009497869018190385759 6993.95493746492502396 23.009497869018190385759 670.00552777147743200
24.009497869018204596614 7016.82756880665874633 24.009497869018204596614 660.78660861390403625
25.009497869018204596614 7038.31327413219878508 25.009497869018204596614 652.64230666704668238
26.009497869018190385759 7058.55729298803180427 26.009497869018190385759 645.75733517621665669
27.009497869018204596614 7077.68427600693485147 27.009497869018204596614 639.25239067384040936
28.009497869018190385759 7095.80005467256978591 28.009497869018190385759 633.42309166245388496
29.009497869018190385759 7112.99700245227541018 29.009497869018190385759 628.32444084917813143
30.009497869018190385759 7129.35500311975920340 30.009497869018190385759 623.54956475323740506
31.009497869018218807469 7144.94378887544735335 31.009497869018218807469 619.20788147490304709
32.009497869018190385759 7159.82565748748129408 32.009497869018190385759 615.24828507936433653
33.009497869018190385759 7174.05417076280900801 33.009497869018190385759 611.76813516597917442
34.009497869018218807469 7187.67879843235277804 34.009497869018218807469 608.40796256857743174
35.009497869018190385759 7200.74213518219585239 35.009497869018190385759 605.38936141015949488
36.009497869018190385759 7213.28304362454855436 36.009497869018190385759 602.50938349104137615
37.009497869018190385759 7225.33703393607265753 37.009497869018190385759 599.83348205252366370
38.009497869018218807469 7236.93505560765606788 38.009497869018218807469 597.34212485274190385
39.009497869018190385759 7248.10601695260265842 39.009497869018190385759 595.05794660160950116
40.009497869018190385759 7258.87621641121677385 40.009497869018190385759 593.00196526356637605
41.009497869018218807469 7269.26903619467429962 41.009497869018218807469 590.88865673018256075
42.009497869018190385759 7279.30639608322417189 42.009497869018190385759 588.98488791056718128
43.009497869018190385759 7289.00851262129344832 43.009497869018190385759 587.11178953939031544
44.009497869018218807469 7298.39341501539638557 44.009497869018218807469 585.40930336506767162
46.009497869018190385759 7316.27844227554942336 46.009497869018190385759 582.25028404626471001
48.009497869018218807469 7333.08243605227926309 48.009497869018218807469 579.33883362254596250
50.009497869018190385759 7348.90937497308641468 50.009497869018190385759 576.72815444627406123
52.009497869018190385759 7363.84922680406634754 52.009497869018190385759 574.32967637869967348
54.009497869018218807469 7377.98073021242089453 54.009497869018218807469 572.08651725488732609
56.009497869018190385759 7391.37269956623913458 56.009497869018190385759 570.01283026386272468
58.009497869018218807469 7404.08610432391833456 58.009497869018218807469 568.15733805526133438
60.009497869018190385759 7416.17484963695733313 60.009497869018190385759 566.35263513341499220
62.009497869018190385759 7427.68697635110220290 62.009497869018190385759 564.66666849957164231
64.009497869018218807469 7438.66553529859538685 64.009497869018218807469 563.08550815946614421
66.009497869018190385759 7449.14898232460745930 66.009497869018190385759 561.61399423987631963
68.009497869018190385759 7459.17221734703252878 68.009497869018190385759 560.23793674689852651
70.009497869018190385759 7468.76654840905939636 70.009497869018190385759 558.90850350567291116
72.009497869018190385759 7477.96049012575531378 72.009497869018190385759 557.66211880842433857
74.009497869018218807469 7486.78000358829740435 74.009497869018218807469 556.47230097962562922
76.009497869018190385759 7495.24861940700520790 76.009497869018190385759 555.34052876749251482
78.009497869018190385759 7503.38796644233570987 78.009497869018190385759 554.26736332670918728
80.009497869018218807469 7511.21783283034255874 80.009497869018218807469 553.23925303515852647
82.009497869018190385759 7518.75631812772462581 82.009497869018190385759 552.25492369394794423
84.009497869018218807469 7526.02017043183241185 84.009497869018218807469 551.30456883213400943
86.009497869018190385759 7533.02481977827392257 86.009497869018190385759 550.40549555734173737
88.009497869018190385759 7539.78445116848433827 88.009497869018190385759 549.53288032094769733
91.009497869018218807469 7549.49307099344059679 91.009497869018218807469 548.29346771612722478
94.009497869018218807469 7558.72036586657941371 94.009497869018218807469 547.12175212775878208
97.009497869018218807469 7567.50253774590146350 97.009497869018218807469 546.02141508478996457
99.504748934509137825444 7574.49164004667454719 99.504748934509137825444 544.99282866137821202
nan nan nan nan

