Time Pressure difference Time.1 Pressure.1 difference.1
(hr) (psi) (hr) (psi)
0.000200000000020850166 0.71028812157732346 0.000200000000020850166 0.56613650144617000
0.000399999999999067768 1.42032363158383523 0.000399999999999067768 1.48259882853463454
0.000600000000019917934 2.13014613268201458 0.000600000000019917934 2.16952335577411182
0.000799999999998135536 2.83977253296523147 0.000799999999998135536 2.86905703250354094
0.001007140329434719206 3.57453999254415677 0.001007140329434719206 3.60363265656688947
0.001267914553977789183 4.49928939586086329 0.001267914553977789183 4.53525099238150275
0.001596209851982166583 5.66307284178751136 0.001596209851982166583 5.70733384905944252
0.002009509145224797066 7.12757032947070623 0.002009509145224797066 7.18174721401036553
0.002529822128153114136 8.97032085088720343 0.002529822128153114136 9.03616593455468475
0.003184857364431081805 11.28876953821198192 0.003184857364431081805 11.36805527622097678
0.004009497869034817086 14.20533116347432667 0.004009497869034817086 14.29962364634145544
0.005047658755856332391 17.87371625258767338 0.005047658755856332391 17.98396594205349786
0.006354625877790454069 22.48682078767500769 0.006354625877790454069 22.61265672724672626
0.008000000000009777068 28.28654451242982759 0.008000000000009777068 28.42509342938663863
0.010071403294361402914 35.57597609361740609 0.010071403294361402914 35.71992760231044883
0.012679145539692626699 44.73446432601676293 0.012679145539692626699 44.86894919186949693
0.015962098519750611558 56.23617934116865058 0.015962098519750611558 56.33379132112789023
0.020095091452091651263 70.67284860353316844 0.020095091452091651263 70.68577971207396615
0.025298221281360611101 88.78141526818190243 0.025298221281360611101 88.62912726884627546
0.031848573644296607199 111.47738734464145693 0.031848573644296607199 111.02741816210622972
0.040094978690191851456 139.89458635515356377 0.040094978690191851456 138.93285905755936938
0.050476587558435426217 175.43180334965884981 0.050476587558435426217 173.61698579484320248
0.063546258777947173257 219.80643701002622947 0.063546258777947173257 216.60024675737426492
0.080000000000012505552 275.11439023275323734 0.080000000000012505552 269.67593580364399486
0.100714032943542974863 343.89415198853845368 0.100714032943542974863 334.92106946822474356
0.126791455396883634421 429.19084252885568276 0.126791455396883634421 414.68272546501543729
0.159620985197506115583 534.61274288206323035 0.159620985197506115583 511.52285054405393794
0.200950914520774404082 664.36811409165306941 0.200950914520774404082 628.09753210418523395
0.252982212813464002465 823.26360699781548647 0.252982212813464002465 766.93852184990760179
0.318485736442809752589 1016.63708982596358510 0.318485736442809752589 930.09654171690624480
0.400949786901833249431 1250.18752378505610068 0.400949786901833249431 1118.60048136740897462
0.504765875584169521062 1529.65383551242848625 0.504765875584169521062 1331.69055423428039830
0.635462587779443310865 1860.28696244166962970 0.635462587779443310865 1565.81038815366559902
0.800000000000011368684 2246.06203592170504635 0.800000000000011368684 1813.41730223908007247
1.007140329435344483500 2688.60573987446650790 1.007140329435344483500 2061.82485114457949749
1.267914553968907398485 3185.88989356281172149 1.267914553968907398485 2292.54577722371686832
1.596209851975117999245 3730.88838511104768259 1.596209851975117999245 2481.89948178141548851
2.009509145207687197399 4310.60434451954643009 2.009509145207687197399 2603.77023760816609865
2.529822128134725289783 4906.06706557347024500 2.529822128134725289783 2634.97781451663149710
3.184857364427983839050 5493.89427076253377891 3.184857364427983839050 2562.47468449772077292
4.009497869018204596614 6049.61378085714841291 4.009497869018204596614 2390.24897110536403488
5.009497869018190385759 6536.58237064012973860 5.009497869018190385759 2150.21511826675487100
6.009497869018190385759 6888.70586232830555673 6.009497869018190385759 1921.32368017833277918
7.009497869018204596614 7151.91891585810208198 7.009497869018204596614 1720.65303679365865719
8.009497869018190385759 7354.68875758974809287 8.009497869018190385759 1552.08271477988455445
9.009497869018204596614 7515.18342467529600981 9.009497869018204596614 1414.83815132119366353
10.009497869018190385759 7645.31524561890091718 10.009497869018190385759 1304.33544698863215672
11.009497869018190385759 7753.10657082233228721 11.009497869018190385759 1210.96421634512353194
12.009497869018204596614 7844.08367145113425067 12.009497869018204596614 1134.39487242420318580
13.009497869018190385759 7922.14117694950891746 13.009497869018190385759 1071.40895404360367138
14.009497869018204596614 7990.08050207076394145 14.009497869018204596614 1019.35912946300061321
15.009497869018190385759 8049.95542513983036770 15.009497869018190385759 976.10688789225446271
16.009497869018190385759 8103.29853816065133287 16.009497869018190385759 939.94453171587656470
17.009497869018204596614 8151.27262211086326715 17.009497869018204596614 910.32092110699636578
18.009497869018190385759 8194.77376780651138688 18.009497869018190385759 884.41507508260110626
19.009497869018204596614 8234.50446201803424628 19.009497869018204596614 863.38506089049951697
20.009497869018190385759 8271.01849008538920316 20.009497869018190385759 844.27584696338260528
21.009497869018190385759 8304.76096509402304946 21.009497869018190385759 827.79717492717225014
22.009497869018204596614 8336.09606095255185210 22.009497869018204596614 813.49056152607772674
23.009497869018190385759 8365.31865069334162399 23.009497869018190385759 801.37916066784555369
24.009497869018204596614 8392.67611170992495317 24.009497869018204596614 790.35261030290484996
25.009497869018204596614 8418.37470043263056141 25.009497869018204596614 780.61138640568321989
26.009497869018190385759 8442.58813475038914476 26.009497869018190385759 772.37642050488659606
27.009497869018204596614 8465.46550659653075854 27.009497869018204596614 764.59599668831879171
28.009497869018190385759 8487.13339872601500247 28.009497869018190385759 757.62369787077807359
29.009497869018190385759 8507.70229705076053506 29.009497869018190385759 751.52531160391879439
30.009497869018190385759 8527.26774882951576728 30.009497869018190385759 745.81418529308791676
31.009497869018218807469 8545.91315924318223551 31.009497869018218807469 740.62119156802123143
32.009497869018190385759 8563.71304130855605763 32.009497869018190385759 735.88520372237701395
33.009497869018190385759 8580.73145914767337672 33.009497869018190385759 731.72267147303386992
34.009497869018218807469 8597.02758243869720900 34.009497869018218807469 727.70364150359273481
35.009497869018190385759 8612.65235776693953085 35.009497869018190385759 724.09315776509265561
36.009497869018190385759 8627.65226786465609621 36.009497869018190385759 720.64847829320626715
37.009497869018190385759 8642.06978568824342801 37.009497869018190385759 717.44789029811659020
38.009497869018218807469 8655.94192925621609902 38.009497869018218807469 714.46803168661290329
39.009497869018190385759 8669.30327517860314401 39.009497869018190385759 711.73597534702321354
40.009497869018190385759 8682.18527845263088238 40.009497869018190385759 709.27686041328513511
41.009497869018218807469 8694.61590603676813771 41.009497869018218807469 706.74917765766952016
42.009497869018190385759 8706.62137570738559589 42.009497869018190385759 704.47212083420788531
43.009497869018190385759 8718.22586803723424964 43.009497869018190385759 702.23174827260402253
44.009497869018218807469 8729.45094737135696050 44.009497869018218807469 700.19544127978679171
46.009497869018190385759 8750.84284272173499630 46.009497869018190385759 696.41700640827741609
48.009497869018218807469 8770.94173723899984907 48.009497869018218807469 692.93468335245677281
50.009497869018190385759 8789.87199751682965143 50.009497869018190385759 689.81210629848465032
52.009497869018190385759 8807.74123205976684403 52.009497869018190385759 686.94333841373872929
54.009497869018218807469 8824.64361848936641763 54.009497869018218807469 684.26034416761024204
56.009497869018190385759 8840.66146418706921395 56.009497869018190385759 681.78005188422787342
58.009497869018218807469 8855.86769340704086062 58.009497869018218807469 679.56073767394013885
60.009497869018190385759 8870.32678093832146260 60.009497869018190385759 677.40217143408460743
62.009497869018190385759 8884.09618740033874928 62.009497869018190385759 675.38562310733072991
64.009497869018218807469 8897.22740496498772700 64.009497869018218807469 673.49443132798887746
66.009497869018190385759 8909.76642983923738939 66.009497869018190385759 671.73438526730308240
68.009497869018190385759 8921.75500506213757035 68.009497869018190385759 670.08851257962385262
70.009497869018190385759 8933.23057750887528528 70.009497869018190385759 668.49840615384414377
72.009497869018190385759 8944.22725289551090100 72.009497869018190385759 667.00763230027223472
74.009497869018218807469 8954.77608272325778671 74.009497869018218807469 665.58451685798354447
76.009497869018190385759 8964.90521144759259187 76.009497869018190385759 664.23082852582422220
78.009497869018190385759 8974.64050888201018097 78.009497869018190385759 662.94723848880903461
80.009497869018218807469 8984.00564318923352403 80.009497869018218807469 661.71753794401308824
82.009497869018190385759 8993.02226285865071986 82.009497869018190385759 660.54020284962393816
84.009497869018218807469 9001.71039992826990783 84.009497869018218807469 659.40350389725836067
86.009497869018190385759 9010.08850993087798997 86.009497869018190385759 658.32814174505585925
88.009497869018190385759 9018.17355924073672213 88.009497869018190385759 657.28442548191787864
91.009497869018218807469 9029.78583001176230027 91.009497869018218807469 655.80199079772080495
94.009497869018218807469 9040.82239838943860377 94.009497869018218807469 654.40052705477035033
97.009497869018218807469 9051.32656475490148296 97.009497869018218807469 653.08443765043500662
99.504748934509137825444 9059.68607927151242620 99.504748934509137825444 651.85416761458964174
nan nan nan nan

