Time Pressure difference Time.1 Pressure.1 difference.1
(hr) (psi) (hr) (psi)
0.000200000000020850166 0.80011378566438540 0.000200000000020850166 0.63773221825669268
0.000399999999999067768 1.59994301356399249 0.000399999999999067768 1.67009376235400286
0.000600000000019917934 2.39953229466053664 0.000600000000019917934 2.44388930708980689
0.000799999999998135536 3.19890067530743849 0.000799999999998135536 3.23188860101686926
0.001007140329434719206 4.02658954663639168 0.001007140329434719206 4.05936137660110941
0.001267914553977789183 5.06828618128589081 0.001267914553977789183 5.10879561436885954
0.001596209851982166583 6.37924598805572085 0.001596209851982166583 6.42910440608335421
0.002009509145224797066 8.02894924701501189 0.002009509145224797066 8.08997754084071552
0.002529822128153114136 10.10474081797832469 0.002529822128153114136 10.17891291456862568
0.003184857364431081805 12.71638910510529996 0.003184857364431081805 12.80570161091871206
0.004009497869034817086 16.00178990545936841 0.004009497869034817086 16.10800696461414461
0.005047658755856332391 20.13409254682592575 0.005047658755856332391 20.25828481997126929
0.006354625877790454069 25.33058735098753544 0.006354625877790454069 25.47233696909994194
0.008000000000009777068 31.86376559831088429 0.008000000000009777068 32.01983592396949518
0.010071403294361402914 40.07504566985942063 0.010071403294361402914 40.23720181899608406
0.012679145539692626699 50.39175021267930532 0.012679145539692626699 50.54324253229327013
0.015962098519750611558 63.34801466768647771 0.015962098519750611558 63.45797101981854382
0.020095091452091651263 79.61039854402680760 0.020095091452091651263 79.62496496840182658
0.025298221281360611101 100.00904155502458082 0.025298221281360611101 99.83749465179171523
0.031848573644296607199 125.57523024068510153 0.031848573644296607199 125.06835629033510315
0.040094978690191851456 157.58617338835799160 0.040094978690191851456 156.50282249809382051
0.050476587558435426217 197.61755834001382937 0.050476587558435426217 195.57323224196622391
0.063546258777947173257 247.60397236960798750 0.063546258777947173257 243.99231543395086419
0.080000000000012505552 309.90637400926067357 0.080000000000012505552 303.78015250949130177
0.100714032943542974863 387.38427893790867529 0.100714032943542974863 377.27642719956935480
0.126791455396883634421 483.46790458168521809 0.126791455396883634421 467.12503735052086995
0.159620985197506115583 602.22184853927967652 0.159620985197506115583 576.21192297819652595
0.200950914520774404082 748.38656411729539286 0.200950914520774404082 707.52907012204468629
0.252982212813464002465 927.37656900690694783 0.252982212813464002465 863.92840517518868637
0.318485736442809752589 1145.20477800067556018 0.318485736442809752589 1047.71999195745183897
0.400949786901833249431 1408.29086402953612378 0.400949786901833249431 1260.06283732487986526
0.504765875584169521062 1723.09951962875425124 0.504765875584169521062 1500.10106928966933992
0.635462587779443310865 2095.54573520946860299 0.635462587779443310865 1763.82856370471449736
0.800000000000011368684 2530.10735193990603875 0.800000000000011368684 2042.74876434894031263
1.007140329435344483500 3028.61677020987917786 1.007140329435344483500 2322.57085105513533563
1.267914553968907398485 3588.78931804148123774 1.267914553968907398485 2582.46959916769992560
1.596209851975117999245 4202.71033545295995282 1.596209851975117999245 2795.76967385681746237
2.009509145207687197399 4855.73932017307197384 2.009509145207687197399 2933.05265641575579139
2.529822128134725289783 5526.50646028299524914 2.529822128134725289783 2968.20685897540943188
3.184857364427983839050 6188.67246893859191914 3.184857364427983839050 2886.53471485574664257
4.009497869018204596614 6814.67032457210370922 4.009497869018204596614 2692.52870047231863282
5.009497869018190385759 7363.22276411686743813 5.009497869018190385759 2422.13927842226939902
6.009497869018190385759 7759.87709550331419450 6.009497869018190385759 2164.30138212125984865
7.009497869018204596614 8056.37704573242990591 7.009497869018204596614 1938.25318664578435346
8.009497869018190385759 8284.78991194536138210 8.009497869018190385759 1748.36483796047878059
9.009497869018204596614 8465.58132849840148992 9.009497869018204596614 1593.76381916977538822
10.009497869018190385759 8612.17010103674692800 10.009497869018190385759 1469.28653396143340615
11.009497869018190385759 8733.59311607855306647 11.009497869018190385759 1364.10723199532640137
12.009497869018204596614 8836.07551748945115833 12.009497869018204596614 1277.85464551766199293
13.009497869018190385759 8924.00446396420011297 13.009497869018190385759 1206.90329483600316962
14.009497869018204596614 9000.53564753170394397 14.009497869018204596614 1148.27105684239654693
15.009497869018190385759 9067.98257492332049878 15.009497869018190385759 1099.54897675919073663
16.009497869018190385759 9128.07165539876768889 16.009497869018190385759 1058.81339521156132832
17.009497869018204596614 9182.11271952066817903 17.009497869018204596614 1025.44347319078519831
18.009497869018190385759 9231.11518106541370798 18.009497869018190385759 996.26147802044761193
19.009497869018204596614 9275.87036587980037439 19.009497869018204596614 972.57193041763514429
20.009497869018190385759 9317.00209304700729263 20.009497869018190385759 951.04609458872846517
21.009497869018190385759 9355.01176630029294756 21.009497869018190385759 932.48346871187311535
22.009497869018204596614 9390.30961432828371471 22.009497869018204596614 916.36758804225610220
23.009497869018190385759 9423.22780089812113147 23.009497869018190385759 902.72453461647239692
24.009497869018204596614 9454.04498766387405340 24.009497869018204596614 890.30352589156257181
25.009497869018204596614 9482.99351500724878861 25.009497869018204596614 879.33039077548858131
26.009497869018190385759 9510.26906982420950953 26.009497869018190385759 870.05400061557497793
27.009497869018204596614 9536.03959876564658771 27.009497869018204596614 861.28963561377372571
28.009497869018190385759 9560.44769271010045486 28.009497869018190385759 853.43559408862824966
29.009497869018190385759 9583.61781002673524199 29.009497869018190385759 846.56598332900466630
30.009497869018190385759 9605.65758123418527248 30.009497869018190385759 840.13260685240106795
31.009497869018218807469 9626.66095924114961235 31.009497869018218807469 834.28288792556952558
32.009497869018190385759 9646.71188025624178408 32.009497869018190385759 828.94796953270110862
33.009497869018190385759 9665.88251018742448650 33.009497869018190385759 824.25902805276177787
34.009497869018218807469 9684.23950152930410695 34.009497869018218807469 819.73173668203287434
35.009497869018190385759 9701.84024376088564168 35.009497869018190385759 815.66465781032684390
36.009497869018190385759 9718.73709799274001853 36.009497869018190385759 811.78435142630496557
37.009497869018190385759 9734.97790846848874935 37.009497869018190385759 808.17900523043101657
38.009497869018218807469 9750.60437464224742143 38.009497869018218807469 804.82230267274189828
39.009497869018190385759 9765.65544581009089598 39.009497869018190385759 801.74474037919947023
40.009497869018190385759 9780.16655488457945467 40.009497869018190385759 798.97463667163970058
41.009497869018218807469 9794.16920562923951366 41.009497869018218807469 796.12729380173061600
42.009497869018190385759 9807.69293141745401954 42.009497869018190385759 793.56227194673056147
43.009497869018190385759 9820.76497078667307505 43.009497869018190385759 791.03857358108325570
44.009497869018218807469 9833.40961518881158554 44.009497869018218807469 788.74474767114156748
46.009497869018190385759 9857.50680878022103570 46.009497869018190385759 784.48847794468724715
48.009497869018218807469 9880.14748386875726283 48.009497869018218807469 780.56576742981667394
50.009497869018190385759 9901.47173490771638171 50.009497869018190385759 777.04829772733285154
52.009497869018190385759 9921.60077897130577185 52.009497869018190385759 773.81673484076895875
54.009497869018218807469 9940.64070373158210714 54.009497869018218807469 770.79443921456800126
56.009497869018190385759 9958.68422546599686029 56.009497869018190385759 768.00047999136677390
58.009497869018218807469 9975.81349069973293808 58.009497869018218807469 765.50050309406356064
60.009497869018190385759 9992.10112794223095989 60.009497869018190385759 763.06895658031544372
62.009497869018190385759 10007.61186449546403310 62.009497869018190385759 760.79738809045932157
64.009497869018218807469 10022.40370442191670008 64.009497869018218807469 758.66702920084935613
66.009497869018190385759 10036.52846077909271116 66.009497869018190385759 756.68440120274647143
68.009497869018190385759 10050.03315558521717321 68.009497869018190385759 754.83038536486901648
70.009497869018190385759 10062.95997138587517838 70.009497869018190385759 753.03918819671901019
72.009497869018190385759 10075.34732703217923699 72.009497869018190385759 751.35988556541201433
74.009497869018218807469 10087.23020091308535484 74.009497869018218807469 749.75679767843109857
76.009497869018190385759 10098.64029673605000426 76.009497869018190385759 748.23191691082308807
78.009497869018190385759 10109.60675590689970704 78.009497869018190385759 746.78599932814324802
80.009497869018218807469 10120.15623975180642447 80.009497869018218807469 745.40078630227242229
82.009497869018190385759 10130.31313450822381128 82.009497869018190385759 744.07456105543121794
84.009497869018218807469 10140.10000553980717086 84.009497869018218807469 742.79411094749707445
86.009497869018190385759 10149.53764233431320463 86.009497869018190385759 741.58275451843519477
88.009497869018190385759 10158.64515689647305408 88.009497869018190385759 740.40704603466622302
91.009497869018218807469 10171.72595839732639433 91.009497869018218807469 738.73713717495013498
94.009497869018218807469 10184.15825204992870567 94.009497869018218807469 737.15843914132210557
97.009497869018218807469 10195.99081416184344562 97.009497869018218807469 735.67591220107556182
99.504748934509137825444 10205.40750381638645194 99.504748934509137825444 734.29005766420993950
nan nan nan nan

