Time Pressure difference Time.1 Pressure.1 difference.1
(hr) (psi) (hr) (psi)
0.000200000000020850166 0.19628571041246876 0.000200000000020850166 0.15644989969706807
0.000399999999999067768 0.39250161247515825 0.000399999999999067768 0.40971115167936034
0.000600000000019917934 0.58865865024936237 0.000600000000019917934 0.59954041213429776
0.000799999999998135536 0.78476149622926772 0.000799999999998135536 0.79285416823282873
0.001007140329434719206 0.98781198857192143 0.001007140329434719206 0.99585164748218480
0.001267914553977789183 1.24336334592876319 0.001267914553977789183 1.25330121100940839
0.001596209851982166583 1.56497094925275482 0.001596209851982166583 1.57720232831150886
0.002009509145224797066 1.96967985685607339 0.002009509145224797066 1.98465145492558115
0.002529822128153114136 2.47891770586578453 0.002529822128153114136 2.49711377114157518
0.003184857364431081805 3.11961312765577015 0.003184857364431081805 3.14152347211727223
0.004009497869034817086 3.92559502878213218 0.004009497869034817086 3.95165243622550744
0.005047658755856332391 4.93934079111322166 0.005047658755856332391 4.96980791841291047
0.006354625877790454069 6.21415656427552854 0.006354625877790454069 6.24893089886443498
0.008000000000009777068 7.81689052099934312 0.008000000000009777068 7.85517804371808825
0.010071403294361402914 9.83130018512143700 0.010071403294361402914 9.87108069572045288
0.012679145539692626699 12.36221730789222129 0.012679145539692626699 12.39938174388899483
0.015962098519750611558 15.54067719498337574 0.015962098519750611558 15.56765193417585813
0.020095091452091651263 19.53020172181946634 0.020095091452091651263 19.53377518975346305
0.025298221281360611101 24.53444262680436339 0.025298221281360611101 24.49235835532520156
0.031848573644296607199 30.80639743950278842 0.031848573644296607199 30.68204998390757865
0.040094978690191851456 38.65939388737264437 0.040094978690191851456 38.39362381450118988
0.050476587558435426217 48.47998312707199631 0.050476587558435426217 47.97846445852810149
0.063546258777947173257 60.74276245241942718 0.063546258777947173257 59.85674266363035656
0.080000000000012505552 76.02692751162736329 0.080000000000012505552 74.52402909796251151
0.100714032943542974863 95.03398111158674055 0.100714032943542974863 92.55430022775297516
0.126791455396883634421 118.60543189322007152 0.126791455396883634421 114.59616300906749586
0.159620985197506115583 147.73841606576925756 0.159620985197506115583 141.35760272645987357
0.200950914520774404082 183.59587227825539912 0.200950914520774404082 173.57262011310038474
0.252982212813464002465 227.50610216801456431 0.252982212813464002465 211.94085615524377886
0.318485736442809752589 280.94420749288923389 0.318485736442809752589 257.02902089600689806
0.400949786901833249431 345.48507683053071560 0.400949786901833249431 309.12144449965865078
0.504765875584169521062 422.71464306900827523 0.504765875584169521062 368.00816252844282417
0.635462587779443310865 514.08398493704214616 0.635462587779443310865 432.70638361155158691
0.800000000000011368684 620.69161648421822974 0.800000000000011368684 501.13171349932423482
1.007140329435344483500 742.98706628849424760 1.007140329435344483500 569.77829610084393153
1.267914553968907398485 880.40985349042580310 1.267914553968907398485 633.53724054425890699
1.596209851975117999245 1031.01833593232709063 1.596209851975117999245 685.86449379439591212
2.009509145207687197399 1191.22087272437124739 2.009509145207687197399 719.54306332028932047
2.529822128134725289783 1355.77497362451867957 2.529822128134725289783 728.16717122473653490
3.184857364427983839050 1518.21902564397896640 3.184857364427983839050 708.13117744901887818
4.009497869018204596614 1671.79022515490260048 4.009497869018204596614 660.53718639445662575
5.009497869018190385759 1806.36234130101934170 5.009497869018190385759 594.20464626575426337
6.009497869018190385759 1903.67047249353663574 6.009497869018190385759 530.95127461602646690
7.009497869018204596614 1976.40850602167711259 7.009497869018204596614 475.49662375094084155
8.009497869018190385759 2032.44326322152301145 8.009497869018190385759 428.91278769092826906
9.009497869018204596614 2076.79541946530434871 9.009497869018204596614 390.98571863208627519
10.009497869018190385759 2112.75690628344318611 10.009497869018190385759 360.44867153315829000
11.009497869018190385759 2142.54467296729580994 11.009497869018190385759 334.64584901340646184
12.009497869018204596614 2167.68588578743265316 12.009497869018204596614 313.48617083385471460
13.009497869018190385759 2189.25681236543823616 13.009497869018190385759 296.08022617598413717
14.009497869018204596614 2208.03161415538716028 14.009497869018204596614 281.69643390312427300
15.009497869018190385759 2224.57784582318481625 15.009497869018190385759 269.74382382034201555
16.009497869018190385759 2239.31903396477036949 16.009497869018190385759 259.75047949057011465
17.009497869018204596614 2252.57650915475824149 17.009497869018204596614 251.56409529420506033
18.009497869018190385759 2264.59790304723264853 18.009497869018190385759 244.40510271603497472
19.009497869018204596614 2275.57734547570998984 19.009497869018204596614 238.59352970744481581
20.009497869018190385759 2285.66787313835084205 20.009497869018190385759 233.31276332945938634
21.009497869018190385759 2294.99249152481206693 21.009497869018190385759 228.75893827027240945
22.009497869018204596614 2303.65183885808210107 22.009497869018204596614 224.80535423905661219
23.009497869018190385759 2311.72740229933060618 23.009497869018190385759 221.45840973959198550
24.009497869018204596614 2319.28754375122025522 24.009497869018204596614 218.41125999002989033
25.009497869018204596614 2326.38926147787014997 25.009497869018204596614 215.71930584513026474
26.009497869018190385759 2333.08056182797645306 26.009497869018190385759 213.44360098261503822
27.009497869018204596614 2339.40264585103204809 27.009497869018204596614 211.29350728154946637
28.009497869018190385759 2345.39049426152178057 28.009497869018190385759 209.36673617974665262
29.009497869018190385759 2351.07463946601865246 29.009497869018190385759 207.68146784370591718
30.009497869018190385759 2356.48148562501819470 30.009497869018190385759 206.10321748146219534
31.009497869018218807469 2361.63408147703830764 31.009497869018218807469 204.66815129982788335
32.009497869018190385759 2366.55301844124051058 32.009497869018190385759 203.35937714107842567
33.009497869018190385759 2371.25600042020005276 33.009497869018190385759 202.20907548903511497
34.009497869018218807469 2375.75937875355066353 34.009497869018218807469 201.09843020473988418
35.009497869018190385759 2380.07723235714047405 35.009497869018190385759 200.10068528403030541
36.009497869018190385759 2384.22240657618158366 36.009497869018190385759 199.14875980936380984
37.009497869018190385759 2388.20663866794529895 37.009497869018190385759 198.26428818542800059
38.009497869018218807469 2392.04015843614433834 38.009497869018218807469 197.44081437709678539
39.009497869018190385759 2395.73252100954414345 39.009497869018190385759 196.68581988512585212
40.009497869018190385759 2399.29241886981390053 40.009497869018190385759 196.00625182381182299
41.009497869018218807469 2402.72758059095667704 41.009497869018218807469 195.30773527776347009
42.009497869018190385759 2406.04525136644406302 42.009497869018190385759 194.67847835699419079
43.009497869018190385759 2409.25211341544127208 43.009497869018190385759 194.05935900741752675
44.009497869018218807469 2412.35412597147524139 44.009497869018218807469 193.49663248481226674
46.009497869018190385759 2418.26570360928508308 46.009497869018190385759 192.45247483882141637
48.009497869018218807469 2423.81996485761601434 48.009497869018218807469 191.49014668756419155
50.009497869018190385759 2429.05127800230866342 50.009497869018190385759 190.62723312229786643
52.009497869018190385759 2433.98938028817883605 52.009497869018190385759 189.83445885906596118
54.009497869018218807469 2438.66029738113638814 54.009497869018218807469 189.09302251001878403
56.009497869018190385759 2443.08677464654374489 56.009497869018190385759 188.40760216004423455
58.009497869018218807469 2447.28896445440477692 58.009497869018218807469 187.79430221434409987
60.009497869018190385759 2451.28468419372802600 60.009497869018190385759 187.19778976398589521
62.009497869018190385759 2455.08981291156896987 62.009497869018190385759 186.64052348165114381
64.009497869018218807469 2458.71858029477380114 64.009497869018218807469 186.11789905550980961
66.009497869018190385759 2462.18369723894602430 66.009497869018190385759 185.63151630337648612
68.009497869018190385759 2465.49669929117590073 68.009497869018190385759 185.17668497516535808
70.009497869018190385759 2468.66793476826069309 70.009497869018190385759 184.73726446405996171
72.009497869018190385759 2471.70682866901688612 72.009497869018190385759 184.32529417197216048
74.009497869018218807469 2474.62196197036155354 74.009497869018218807469 183.93202105208911235
76.009497869018190385759 2477.42111229699321484 76.009497869018190385759 183.55793387833082875
78.009497869018190385759 2480.11142868402157546 78.009497869018190385759 183.20321813039689118
80.009497869018218807469 2482.69945174784425035 80.009497869018218807469 182.86339456064064279
82.009497869018190385759 2485.19116397499055893 82.009497869018190385759 182.53804200528250590
84.009497869018218807469 2487.59210115113774009 84.009497869018218807469 182.22391910978097940
86.009497869018190385759 2489.90736340010198546 86.009497869018190385759 181.92674643071799778
88.009497869018190385759 2492.14163932179599215 88.009497869018190385759 181.63831898563537948
91.009497869018218807469 2495.35065091659953396 91.009497869018218807469 181.22865319468630219
94.009497869018218807469 2498.40056910996190709 94.009497869018218807469 180.84136344839086519
97.009497869018218807469 2501.30335981517191613 97.009497869018218807469 180.47766661065884364
99.504748934509137825444 2503.61348326472716508 99.504748934509137825444 180.13768566398496773
nan nan nan nan

