Time Pressure difference Time.1 Pressure.1 difference.1
(hr) (psi) (hr) (psi)
0.000200000000020850166 0.76102298740427510 0.000200000000020850166 0.60657482297803944
0.000399999999999067768 1.52177531955410927 0.000399999999999067768 1.58849874485853704
0.000600000000019917934 2.28229942787358775 0.000600000000019917934 2.32448930975797685
0.000799999999998135536 3.04261342817703362 0.000799999999998135536 3.07398967768236542
0.001007140329434719206 3.82986427772588200 0.001007140329434719206 3.86103498917881049
0.001267914553977789183 4.82066720985092534 0.001267914553977789183 4.85919749183732463
0.001596209851982166583 6.06757804477233353 0.001596209851982166583 6.11500055256368835
0.002009509145224797066 7.63668249586147052 0.002009509145224797066 7.69472915786824974
0.002529822128153114136 9.61105805452200279 0.002529822128153114136 9.68160635845144668
0.003184857364431081805 12.09511021951283816 0.003184857364431081805 12.18005922452247525
0.004009497869034817086 15.21999767515106328 0.004009497869034817086 15.32102533536584588
0.005047658755856332391 19.15041027062965284 0.005047658755856332391 19.26853493791445970
0.006354625877790454069 24.09302227250893580 0.006354625877790454069 24.22784649347863706
0.008000000000009777068 30.30701197760338417 0.008000000000009777068 30.45545724577139524
0.010071403294361402914 38.11711724316150907 0.010071403294361402914 38.27135100247548394
0.012679145539692626699 47.92978320644652968 0.012679145539692626699 48.07387413414588906
0.015962098519750611558 60.25304929410926746 0.015962098519750611558 60.35763355835130994
0.020095091452091651263 75.72090921807124175 0.020095091452091651263 75.73476397722211573
0.025298221281360611101 95.12294493019489039 0.025298221281360611101 94.95977921662101551
0.031848573644296607199 119.44005786925870893 0.031848573644296607199 118.95794803082810631
0.040094978690191851456 149.88705680909308171 0.040094978690191851456 148.85663470452789170
0.050476587558435426217 187.96264644606304728 0.050476587558435426217 186.01819906590341702
0.063546258777947173257 235.50689679645665819 0.063546258777947173257 232.07169295432956346
0.080000000000012505552 294.76541810652133790 0.080000000000012505552 288.93850264676149209
0.100714032943542974863 368.45801998771975150 0.100714032943542974863 358.84400300166936404
0.126791455396883634421 459.84733128091681920 0.126791455396883634421 444.30292014108800913
0.159620985197506115583 572.79936737363925658 0.159620985197506115583 548.06019701148625245
0.200950914520774404082 711.82297938391400294 0.200950914520774404082 672.96164154019845682
0.252982212813464002465 882.06815035480224196 0.252982212813464002465 821.71984483918674869
0.318485736442809752589 1089.25402481353239637 0.318485736442809752589 996.53200898239958860
0.400949786901833249431 1339.48663262684590336 0.400949786901833249431 1198.50051575079510258
0.504765875584169521062 1638.91482376331600790 0.504765875584169521062 1426.81130810815739096
0.635462587779443310865 1993.16460261607448956 0.635462587779443310865 1677.65398730749870992
0.800000000000011368684 2406.49503848754102364 0.800000000000011368684 1942.94710954187121388
1.007140329435344483500 2880.64900700835687530 1.007140329435344483500 2209.09805479776377979
1.267914553968907398485 3413.45345738872720176 1.267914553968907398485 2456.29904702541080042
1.596209851975117999245 3997.38041261897978984 1.596209851975117999245 2659.17801619437386762
2.009509145207687197399 4618.50465484237065539 2.009509145207687197399 2789.75382600874900163
2.529822128134725289783 5256.50042740014669107 2.529822128134725289783 2823.19051555353371441
3.184857364427983839050 5886.31529010271424340 3.184857364427983839050 2745.50859053327258152
4.009497869018204596614 6481.72905091837310465 4.009497869018204596614 2560.98104047003243977
5.009497869018190385759 7003.48111140013861586 5.009497869018190385759 2303.80191242866567336
6.009497869018190385759 7380.75628106604290224 6.009497869018190385759 2058.56108590535677649
7.009497869018204596614 7662.77026699082398409 7.009497869018204596614 1843.55682513606302564
8.009497869018190385759 7880.02366884615821618 8.009497869018190385759 1662.94576583559046412
9.009497869018204596614 8051.98224072353059455 9.009497869018204596614 1515.89801927270741544
10.009497869018190385759 8191.40919173453676194 10.009497869018190385759 1397.50226463067724580
11.009497869018190385759 8306.89989730964225600 11.009497869018190385759 1297.46166036977524527
12.009497869018204596614 8404.37536226907104719 12.009497869018204596614 1215.42307759736036132
13.009497869018190385759 8488.00840387447351532 13.009497869018190385759 1147.93816504671804068
14.009497869018204596614 8560.80053793296247022 14.009497869018204596614 1092.17049585321501581
15.009497869018190385759 8624.95224122124636779 15.009497869018190385759 1045.82880845598697306
16.009497869018190385759 8682.10557660069753183 16.009497869018190385759 1007.08342683843909526
17.009497869018204596614 8733.50638083306876069 17.009497869018204596614 975.34384404321042439
18.009497869018190385759 8780.11475122126284987 18.009497869018190385759 947.58758044564399370
19.009497869018204596614 8822.68335216217928973 19.009497869018204596614 925.05542238267798894
20.009497869018190385759 8861.80552509148947138 20.009497869018190385759 904.58126460362416310
21.009497869018190385759 8897.95817688645365706 21.009497869018190385759 886.92554456482741898
22.009497869018204596614 8931.53149387773373746 22.009497869018204596614 871.59703020651181760
23.009497869018190385759 8962.84141145715148014 23.009497869018190385759 858.62052928697744392
24.009497869018204596614 8992.15297683206335932 24.009497869018204596614 846.80636818168375157
25.009497869018204596614 9019.68717903496144572 25.009497869018204596614 836.36934257751784116
26.009497869018190385759 9045.63014437541824009 26.009497869018190385759 827.54616482666426691
27.009497869018204596614 9070.14161421056815016 27.009497869018204596614 819.20999645177028015
28.009497869018190385759 9093.35721292072958022 28.009497869018190385759 811.73967629011951885
29.009497869018190385759 9115.39531826867278141 29.009497869018190385759 805.20569100419879760
30.009497869018190385759 9136.35830231733962137 30.009497869018190385759 799.08662709973691562
31.009497869018218807469 9156.33552776055330469 31.009497869018218807469 793.52270525145138436
32.009497869018190385759 9175.40682997345356853 32.009497869018190385759 788.44843255968964968
33.009497869018190385759 9193.64084908679251384 33.009497869018190385759 783.98857657825055867
34.009497869018218807469 9211.10098118431778857 34.009497869018218807469 779.68247303956354699
35.009497869018190385759 9227.84181189314949734 35.009497869018190385759 775.81409760545636800
36.009497869018190385759 9243.91314414070257044 36.009497869018190385759 772.12336959986396323
37.009497869018190385759 9259.36048466597458173 37.009497869018190385759 768.69416817655337582
38.009497869018218807469 9274.22349563166062580 38.009497869018218807469 765.50146252137096781
39.009497869018190385759 9288.53922340564713522 39.009497869018190385759 762.57425930038198203
40.009497869018190385759 9302.34136977067828411 40.009497869018190385759 759.93949329994836717
41.009497869018218807469 9315.65989932510819926 41.009497869018218807469 757.23126177607446152
42.009497869018190385759 9328.52290254362742417 42.009497869018190385759 754.79155803665116764
43.009497869018190385759 9340.95628718275111169 43.009497869018190385759 752.39115886350430173
44.009497869018218807469 9352.98315789788102848 44.009497869018218807469 750.20940137120010149
46.009497869018190385759 9375.90304577328788582 46.009497869018190385759 746.16107829458303513
48.009497869018218807469 9397.43757561321399407 48.009497869018218807469 742.43001787763228094
50.009497869018190385759 9417.71999733945995104 50.009497869018190385759 739.08439960551925196
52.009497869018190385759 9436.86560577832096897 52.009497869018190385759 736.01071972900581386
54.009497869018218807469 9454.97530552432181139 54.009497869018218807469 733.13608303672526745
56.009497869018190385759 9472.13728305757467751 56.009497869018190385759 730.47862701881558678
58.009497869018218807469 9488.42967150754338945 58.009497869018218807469 728.10079036493573312
60.009497869018190385759 9503.92155100534364465 60.009497869018190385759 725.78804082223348360
62.009497869018190385759 9518.67448650036203617 62.009497869018190385759 723.62745332928307107
64.009497869018218807469 9532.74364817677087558 64.009497869018218807469 721.60117642284524209
66.009497869018190385759 9546.17831768489668320 66.009497869018190385759 719.71541278639608663
68.009497869018190385759 9559.02321970943376073 68.009497869018190385759 717.95197776388272359
70.009497869018190385759 9571.31847590236611723 70.009497869018190385759 716.24829230769012156
72.009497869018190385759 9583.10062810233284836 72.009497869018190385759 714.65103460743455344
74.009497869018218807469 9594.40294577492022654 74.009497869018218807469 713.12626806212517749
76.009497869018190385759 9605.25558369385180413 76.009497869018190385759 711.67588770624024619
78.009497869018190385759 9615.68625951643844019 78.009497869018190385759 710.30061266658105978
80.009497869018218807469 9625.72033198846293089 80.009497869018218807469 708.98307636858555725
82.009497869018190385759 9635.38099591998252436 82.009497869018190385759 707.72164591031139480
84.009497869018218807469 9644.68971420886009582 84.009497869018218807469 706.50375417563395786
86.009497869018190385759 9653.66626064022602804 86.009497869018190385759 705.35158044113120468
88.009497869018190385759 9662.32881347221518809 88.009497869018190385759 704.23331301634061674
91.009497869018218807469 9674.77053215545856801 91.009497869018218807469 702.64499014041518876
94.009497869018218807469 9686.59542684582629590 94.009497869018218807469 701.14342184439681205
97.009497869018218807469 9697.84989080882405688 97.009497869018218807469 699.73332605403754769
99.504748934509137825444 9706.80651350519292464 99.504748934509137825444 698.41517958706037916
nan nan nan nan

