Time Pressure difference Time.1 Pressure.1 difference.1
(hr) (psi) (hr) (psi)
0.000200000000020850166 0.22705931755340666 0.000200000000020850166 0.18097806193771013
0.000399999999999067768 0.45403788222761948 0.000399999999999067768 0.47394552715451432
0.000600000000019917934 0.68094835389015229 0.000600000000019917934 0.69353615471467500
0.000799999999998135536 0.90779613758724609 0.000799999999998135536 0.91715757596424663
0.001007140329434719206 1.14268081728870596 0.001007140329434719206 1.15198093119761213
0.001267914553977789183 1.43829742982437403 0.001267914553977789183 1.44979335002359511
0.001596209851982166583 1.81032656417797488 0.001596209851982166583 1.82447557469932997
0.002009509145224797066 2.27848559712588150 0.002009509145224797066 2.29580443726560857
0.002529822128153114136 2.86756158348033541 0.002529822128153114136 2.88861042170190707
0.003184857364431081805 3.60870501631366647 0.003184857364431081805 3.63405045715260711
0.004009497869034817086 4.54104848668441541 0.004009497869034817086 4.57119116563374384
0.005047658755856332391 5.71372896599114100 0.005047658755856332391 5.74897271918103581
0.006354625877790454069 7.18840992392889522 0.006354625877790454069 7.22863616690674071
0.008000000000009777068 9.04241996708822171 0.008000000000009777068 9.08671019463999130
0.010071403294361402914 11.37264809550064548 0.010071403294361402914 11.41866538106645734
0.012679145539692626699 14.30036154684142424 0.012679145539692626699 14.34335261051565702
0.015962098519750611558 17.97713929758670304 0.015962098519750611558 18.00834312724580144
0.020095091452091651263 22.59214012735895949 0.020095091452091651263 22.59627384238430281
0.025298221281360611101 28.38094422507453984 0.025298221281360611101 28.33226199577872961
0.031848573644296607199 35.63621398722145273 0.031848573644296607199 35.49237137968969336
0.040094978690191851456 44.72040055615564569 0.040094978690191851456 44.41296314135095002
0.050476587558435426217 56.08065844784175624 0.050476587558435426217 55.50051185244987551
0.063546258777947173257 70.26599215894280803 0.063546258777947173257 69.24106248801308539
0.080000000000012505552 87.94640343506047486 0.080000000000012505552 86.20788111755832972
0.100714032943542974863 109.93337645535244462 0.100714032943542974863 107.06493204312103273
0.126791455396883634421 137.20035130020795577 0.126791455396883634421 132.56251059947214799
0.159620985197506115583 170.90079485574153750 0.159620985197506115583 163.51959976408278408
0.200950914520774404082 212.37997089815141294 0.200950914520774404082 200.78527665625594523
0.252982212813464002465 263.17443174520332150 0.252982212813464002465 245.16887173890492591
0.318485736442809752589 324.99054510829984110 0.318485736442809752589 297.32594366360120830
0.400949786901833249431 399.65011006243594238 0.400949786901833249431 357.58539978138480819
0.504765875584169521062 488.98770151626808911 0.504765875584169521062 425.70435750112238793
0.635462587779443310865 594.68189782971398927 0.635462587779443310865 500.54594375404059292
0.800000000000011368684 718.00343771267614557 0.800000000000011368684 579.69897366659108684
1.007140329435344483500 859.47232668118192578 1.007140329435344483500 659.10794421834918921
1.267914553968907398485 1018.44021187663656747 1.267914553968907398485 732.86299435840123806
1.596209851975117999245 1192.66104114205609221 1.596209851975117999245 793.39409663504272885
2.009509145207687197399 1377.98007734641237221 2.009509145207687197399 832.35278087474148379
2.529822128134725289783 1568.33291440463381150 2.529822128134725289783 842.32897349302152179
3.184857364427983839050 1756.24488983392484442 3.184857364427983839050 819.15174340500914241
4.009497869018204596614 1933.89292994613742849 4.009497869018204596614 764.09598256646870595
5.009497869018190385759 2089.56321684397607896 5.009497869018190385759 687.36384928199549904
6.009497869018190385759 2202.12728385904847528 6.009497869018190385759 614.19363546684417088
7.009497869018204596614 2286.26916162677025568 7.009497869018204596614 550.04482323731724591
8.009497869018190385759 2351.08902906557523238 8.009497869018190385759 496.15758915094664872
9.009497869018204596614 2402.39470133062741297 9.009497869018204596614 452.28432706169303401
10.009497869018190385759 2443.99421786177981630 10.009497869018190385759 416.95969207013644109
11.009497869018190385759 2478.45210050877858521 11.009497869018190385759 387.11151178245751225
12.009497869018204596614 2507.53494415241175375 12.009497869018204596614 362.63442643068788129
13.009497869018190385759 2532.48775328713782073 13.009497869018190385759 342.49958366967661050
14.009497869018204596614 2554.20606213737573853 14.009497869018204596614 325.86070532013957290
15.009497869018190385759 2573.34640639715871657 15.009497869018190385759 312.03416908031084631
16.009497869018190385759 2590.39871301856919672 16.009497869018190385759 300.47407161409171295
17.009497869018204596614 2605.73469067478436045 17.009497869018204596614 291.00422887846605136
18.009497869018190385759 2619.64079462667177722 18.009497869018190385759 282.72285187066756862
19.009497869018204596614 2632.34159031724084343 19.009497869018204596614 276.00014241581544638
20.009497869018190385759 2644.01410748631269598 20.009497869018190385759 269.89145927517972723
21.009497869018190385759 2654.80063638251567681 21.009497869018190385759 264.62368706688289421
22.009497869018204596614 2664.81759325532357252 22.009497869018204596614 260.05026147145110826
23.009497869018190385759 2674.15924079541218816 23.009497869018190385759 256.17858414791783161
24.009497869018204596614 2682.90465866136946715 24.009497869018204596614 252.65370329355155832
25.009497869018204596614 2691.11978128584087244 25.009497869018204596614 249.53970549034133342
26.009497869018190385759 2698.86014143659986075 26.009497869018190385759 246.90721639090639883
27.009497869018204596614 2706.17339964971051813 27.009497869018204596614 244.42003172823311274
28.009497869018190385759 2713.10002090421767207 28.009497869018190385759 242.19118210623236109
29.009497869018190385759 2719.67532446704672111 29.009497869018190385759 240.24169797174457130
30.009497869018190385759 2725.92985413402584527 30.009497869018190385759 238.41601005270842961
31.009497869018218807469 2731.89027221708283832 31.009497869018218807469 236.75595468158053336
32.009497869018190385759 2737.58039845109578891 32.009497869018190385759 235.24199135387462434
33.009497869018190385759 2743.02071235048560993 33.009497869018190385759 233.91134579875671307
34.009497869018218807469 2748.23012881237036709 34.009497869018218807469 232.62657392327960792
35.009497869018190385759 2753.22493404025135533 35.009497869018190385759 231.47240289211978848
36.009497869018190385759 2758.01998726821011587 36.009497869018190385759 230.37123486422169094
37.009497869018190385759 2762.62886591673350267 37.009497869018190385759 229.34809607890611005
38.009497869018218807469 2767.06340361469210620 38.009497869018218807469 228.39551832604837500
39.009497869018190385759 2771.33465354070131070 39.009497869018190385759 227.52215605355661410
40.009497869018190385759 2775.45267098075919421 40.009497869018190385759 226.73604554195182459
41.009497869018218807469 2779.42639619208102886 41.009497869018218807469 225.92801580859924115
42.009497869018190385759 2783.26421026711477680 42.009497869018190385759 225.20010420109920801
43.009497869018190385759 2786.97384306108278906 43.009497869018190385759 224.48391952976686525
44.009497869018218807469 2790.56218809412166593 44.009497869018218807469 223.83296893370231828
46.009497869018190385759 2797.40058087006309506 46.009497869018190385759 222.62510860592476547
48.009497869018218807469 2803.82563731410709806 48.009497869018218807469 221.51190697332634727
50.009497869018190385759 2809.87711396029772004 50.009497869018190385759 220.51370611181067716
52.009497869018190385759 2815.58941024861360347 52.009497869018190385759 219.59664096832634073
54.009497869018218807469 2820.99263214004349720 54.009497869018218807469 218.73896247980982821
56.009497869018190385759 2826.11309101062124682 56.009497869018190385759 217.94608215971220488
58.009497869018218807469 2830.97409871208628829 58.009497869018218807469 217.23662925642346977
60.009497869018190385759 2835.59626603765991604 60.009497869018190385759 216.54659578630571559
62.009497869018190385759 2839.99796154600971931 62.009497869018190385759 215.90196148513035723
64.009497869018218807469 2844.19564584946328978 64.009497869018218807469 215.29740017861939805
66.009497869018190385759 2848.20402265352640825 66.009497869018190385759 214.73476250348213057
68.009497869018190385759 2852.03643604445369419 68.009497869018190385759 214.20862287381416422
70.009497869018190385759 2855.70485674464043768 70.009497869018190385759 213.70031016393377854
72.009497869018190385759 2859.22018740102430456 72.009497869018190385759 213.22375130910342023
74.009497869018218807469 2862.59235431317256371 74.009497869018218807469 212.76882096279800294
76.009497869018190385759 2865.83035447914880933 76.009497869018190385759 212.33608452874710792
78.009497869018190385759 2868.94245775736362702 78.009497869018190385759 211.92575656609471935
80.009497869018218807469 2871.93623019983670019 80.009497869018218807469 211.53265557226649207
82.009497869018190385759 2874.81859222530647457 82.009497869018190385759 211.15629435356831323
84.009497869018218807469 2877.59594751805343549 84.009497869018218807469 210.79292337699240534
86.009497869018190385759 2880.27419579757543033 86.009497869018190385759 210.44916006604245240
88.009497869018190385759 2882.85876074089082977 88.009497869018190385759 210.11551306389176830
91.009497869018218807469 2886.57088008572736726 91.009497869018218807469 209.64162000910746997
94.009497869018218807469 2890.09896341957437471 94.009497869018218807469 209.19361110767249556
97.009497869018218807469 2893.45685266755072007 97.009497869018218807469 208.77289400300790589
99.504748934509137825444 2896.12915648843409144 99.504748934509137825444 208.37961095876227091
nan nan nan nan

