Time Pressure difference Time.1 Pressure.1 difference.1
(hr) (psi) (hr) (psi)
0.000200000000020850166 0.25616948647051008 0.000200000000020850166 0.20418037757074989
0.000399999999999067768 0.51224786712859627 0.000399999999999067768 0.53470777422560600
0.000600000000019917934 0.76824942490171022 0.000600000000019917934 0.78245104634476159
0.000799999999998135536 1.02418025779073907 0.000799999999998135536 1.03474188057504746
0.001007140329434719206 1.28917835796674507 0.001007140329434719206 1.29967079417166498
0.001267914553977789183 1.62269453621211457 0.001267914553977789183 1.63566429233431254
0.001596209851982166583 2.04241971343156159 0.001596209851982166583 2.05838269966078258
0.002009509145224797066 2.57059913521894323 0.002009509145224797066 2.59013833947914840
0.002529822128153114136 3.23519768392653218 0.002529822128153114136 3.25894509115086972
0.003184857364431081805 4.07135950558464987 0.003184857364431081805 4.09995436191576257
0.004009497869034817086 5.12323419010549408 0.004009497869034817086 5.15724131507396688
0.005047658755856332391 6.44625832060539050 0.005047658755856332391 6.48602050369142535
0.006354625877790454069 8.11000093981721371 0.006354625877790454069 8.15538439343324484
0.008000000000009777068 10.20170457825337884 0.008000000000009777068 10.25167304010665781
0.010071403294361402914 12.83067990261611335 0.010071403294361402914 12.88259684017753948
0.012679145539692626699 16.13374123233391444 0.012679145539692626699 16.18224397083817934
0.015962098519750611558 20.28190074599525161 0.015962098519750611558 20.31710506663628735
0.020095091452091651263 25.48856834881523881 0.020095091452091651263 25.49323202730536764
0.025298221281360611101 32.01952681803281564 0.025298221281360611101 31.96460327728881978
0.031848573644296607199 40.20495937019855859 0.031848573644296607199 40.04267540272683590
0.040094978690191851456 50.45378524284226529 0.040094978690191851456 50.10693277485748354
0.050476587558435426217 63.27048645397532312 0.050476587558435426217 62.61596208994345147
0.063546258777947173257 79.27445269214059920 0.063546258777947173257 78.11812178134810836
0.080000000000012505552 99.22158336263231604 0.080000000000012505552 97.26017356852736384
0.100714032943542974863 124.02739907783352180 0.100714032943542974863 120.79120538198270651
0.126791455396883634421 154.79013992843974279 0.126791455396883634421 149.55770426607114132
0.159620985197506115583 192.81115317058018377 0.159620985197506115583 184.48365101588828452
0.200950914520774404082 239.60817229535027195 0.200950914520774404082 226.52697879167337192
0.252982212813464002465 296.91474350740884347 0.252982212813464002465 276.60077837209786367
0.318485736442809752589 366.65599960936390289 0.318485736442809752589 335.44465438970394189
0.400949786901833249431 450.88730366018415907 0.400949786901833249431 403.42968180463930139
0.504765875584169521062 551.67843247989219435 0.504765875584169521062 480.28183923203550876
0.635462587779443310865 670.92316678224153748 0.635462587779443310865 564.71850064558429949
0.800000000000011368684 810.05516049635252784 0.800000000000011368684 654.01935490589767142
1.007140329435344483500 969.66108651210277003 1.007140329435344483500 743.60896270788111906
1.267914553968907398485 1149.00946980953881393 1.267914553968907398485 826.81978850691427851
1.596209851975117999245 1345.56630282693527079 1.596209851975117999245 895.11128851133025819
2.009509145207687197399 1554.64418982672191305 2.009509145207687197399 939.06467585868279002
2.529822128134725289783 1769.40123676420239462 2.529822128134725289783 950.31986753058845352
3.184857364427983839050 1981.40449109468431743 3.184857364427983839050 924.17119768770271548
4.009497869018204596614 2181.82792096487310118 4.009497869018204596614 862.05700597242628191
5.009497869018190385759 2357.45593695217803543 5.009497869018190385759 775.48741970276410029
6.009497869018190385759 2484.45129461020860617 6.009497869018190385759 692.93640924464466480
7.009497869018204596614 2579.38059260456157062 7.009497869018204596614 620.56339031902450643
8.009497869018190385759 2652.51069945859808286 8.009497869018190385759 559.76753647799114333
9.009497869018204596614 2710.39402201404118387 9.009497869018204596614 510.26949719780748183
10.009497869018190385759 2757.32680989534128457 10.009497869018190385759 470.41606284835916085
11.009497869018190385759 2796.20236980477557154 11.009497869018190385759 436.74119278020845059
12.009497869018204596614 2829.01378314631074318 12.009497869018204596614 409.12601956282736637
13.009497869018190385759 2857.16567037523236650 13.009497869018190385759 386.40978670425050723
14.009497869018204596614 2881.66837779601337388 14.009497869018204596614 367.63771882272152425
15.009497869018190385759 2903.26261234551247981 15.009497869018190385759 352.03854973163271325
16.009497869018190385759 2922.50111212351430368 16.009497869018190385759 338.99638848769319566
17.009497869018204596614 2939.80324076129500099 17.009497869018204596614 328.31246335006426307
18.009497869018190385759 2955.49217855316783243 18.009497869018190385759 318.96937134126596902
19.009497869018204596614 2969.82128138355346891 19.009497869018204596614 311.38477605886868105
20.009497869018190385759 2982.99027511276335645 20.009497869018190385759 304.49292841302320767
21.009497869018190385759 2995.15969232899215058 21.009497869018190385759 298.54980079340634802
22.009497869018204596614 3006.46087444190334281 22.009497869018204596614 293.39003858317556706
23.009497869018190385759 3017.00016910251679292 23.009497869018190385759 289.02199237200989046
24.009497869018204596614 3026.86679438718601887 24.009497869018204596614 285.04520371580173332
25.009497869018204596614 3036.13513786094881652 25.009497869018204596614 281.53197542500049622
26.009497869018190385759 3044.86785187718987800 26.009497869018190385759 278.56198772307385525
27.009497869018204596614 3053.11870729710881278 27.009497869018204596614 275.75593323185267991
28.009497869018190385759 3060.93335691757920358 28.009497869018190385759 273.24133365831346509
29.009497869018190385759 3068.35164811666800233 29.009497869018190385759 271.04191566042976547
30.009497869018190385759 3075.40804056146498624 30.009497869018190385759 268.98216518767105754
31.009497869018218807469 3082.13261480901655887 31.009497869018218807469 267.10928220486010787
32.009497869018190385759 3088.55224440636447980 32.009497869018190385759 265.40122101462776527
33.009497869018190385759 3094.69003444670170211 33.009497869018190385759 263.89997987552038694
34.009497869018218807469 3100.56732481395602008 34.009497869018218807469 262.45049365703340527
35.009497869018190385759 3106.20248968643727494 35.009497869018190385759 261.14835198085307866
36.009497869018190385759 3111.61229332823677396 36.009497869018190385759 259.90600856476288527
37.009497869018190385759 3116.81205385477642267 37.009497869018190385759 258.75169814030431326
38.009497869018218807469 3121.81512202683188661 38.009497869018218807469 257.67699503451615328
39.009497869018190385759 3126.63396809720143210 39.009497869018190385759 256.69166323990998535
40.009497869018190385759 3131.27993649111294872 40.009497869018190385759 255.80476932938154278
41.009497869018218807469 3135.76311365260471575 41.009497869018218807469 254.89314604047092416
42.009497869018190385759 3140.09295517315558754 42.009497869018190385759 254.07191243200935560
43.009497869018190385759 3144.27818191506776202 43.009497869018190385759 253.26390921307029203
44.009497869018218807469 3148.32657118311180966 44.009497869018218807469 252.52950341238212673
46.009497869018190385759 3156.04168098160926093 46.009497869018190385759 251.16678919642791357
48.009497869018218807469 3163.29046261078701718 48.009497869018218807469 249.91086940580410669
50.009497869018190385759 3170.11776959623375660 50.009497869018190385759 248.78469407486332443
52.009497869018190385759 3176.56241156253827285 52.009497869018190385759 247.75005647708607626
54.009497869018218807469 3182.65835420927987798 54.009497869018218807469 246.78241920799055720
56.009497869018190385759 3188.43528216582899404 56.009497869018190385759 245.88788756480349207
58.009497869018218807469 3193.91949598286691980 58.009497869018218807469 245.08747916109314247
60.009497869018190385759 3199.13424886300117578 60.009497869018190385759 244.30897986147314782
62.009497869018190385759 3204.10026430831885591 62.009497869018190385759 243.58170013707012913
64.009497869018218807469 3208.83611326606069269 64.009497869018218807469 242.89963097075008136
66.009497869018190385759 3213.35838453218366340 66.009497869018190385759 242.26486026033882126
68.009497869018190385759 3217.68213297322972721 68.009497869018190385759 241.67126683199546733
70.009497869018190385759 3221.82086401959440991 70.009497869018190385759 241.09778582597655827
72.009497869018190385759 3225.78687809346320137 72.009497869018190385759 240.56012968206539426
74.009497869018218807469 3229.59137409691265930 74.009497869018218807469 240.04687493238748175
76.009497869018190385759 3233.24450248929633744 76.009497869018190385759 239.55865946833006319
78.009497869018190385759 3236.75559336728247217 78.009497869018190385759 239.09572535661965276
80.009497869018218807469 3240.13318278955921414 80.009497869018218807469 238.65222679948016093
82.009497869018190385759 3243.38507840803822546 82.009497869018190385759 238.22761414248734013
84.009497869018218807469 3246.51850489216303686 84.009497869018218807469 237.81765714327349315
86.009497869018190385759 3249.54011833572621981 86.009497869018190385759 237.42982161297095445
88.009497869018190385759 3252.45603775895369836 88.009497869018190385759 237.05339935413431363
91.009497869018218807469 3256.64406984030756576 91.009497869018218807469 236.51875077950586501
94.009497869018218807469 3260.62447155028894485 94.009497869018218807469 236.01330483942538763
97.009497869018218807469 3264.41285941980049756 97.009497869018218807469 235.53864964441919483
99.504748934509137825444 3267.42776629464378857 99.504748934509137825444 235.09494569706512834
nan nan nan nan

