Time Pressure difference Time.1 Pressure.1 difference.1
(hr) (psi) (hr) (psi)
0.000200000000006639311 0.06977532570194525 0.000200000000006639311 0.05572205877181501
0.000399999999999067768 0.13930453368448958 0.000399999999999067768 0.14489740720885635
0.000600000000005707079 0.20863040151488693 0.000600000000005707079 0.21155541475584924
0.000799999999998135536 0.27777270935682402 0.000799999999998135536 0.27915649420468414
0.001007140329434719206 0.34920315943885738 0.001007140329434719206 0.34985098256256630
0.001267914553963578328 0.43888336130361655 0.001267914553963578328 0.43910759827155654
0.001596209851982166583 0.55141702781144453 0.001596209851982166583 0.55081762823165170
0.002009509145210586212 0.69254006294067649 0.002009509145210586212 0.69047287945843505
0.002529822128138903281 0.86938492745611640 0.002529822128138903281 0.86483045423718408
0.003184857364445292660 1.09079878004884234 0.003184857364445292660 1.08216612563468084
0.004009497869020606231 1.36772442434018093 0.004009497869020606231 1.35255824629877175
0.005047658755842121536 1.71364903683982983 0.005047658755842121536 1.68819489679862578
0.006354625877804664924 2.14512631799758990 0.006354625877804664924 2.10368947165079323
0.008000000000009777068 2.68237018190574661 0.008000000000009777068 2.61637715967115225
0.010071403294347192059 3.34991287933682091 0.010071403294347192059 3.24654982738514875
0.012679145539692626699 4.17730601065358353 0.012679145539692626699 4.01755433468963652
0.015962098519750611558 5.19982267066333836 0.015962098519750611558 4.95565888537098598
0.020095091452091651263 6.45909507658109217 0.020095091452091651263 6.08955382903771092
0.025298221281346400247 8.00358417775742836 0.025298221281346400247 7.44929530102999404
0.031848573644282396344 9.88872708291504843 0.031848573644282396344 9.06445907461446687
0.040094978690191851456 12.17655137572675272 0.040094978690191851456 10.96122649543351635
0.050476587558421215363 14.93447381367524507 0.050476587558421215363 13.15835324085555591
0.063546258777947173257 18.23304965056607330 0.063546258777947173257 15.66146685527724891
0.079999999999998294697 22.14213530644808259 0.079999999999998294697 18.45616159638387543
0.100714032943542974863 26.72544725804984722 0.100714032943542974863 21.50079342615364553
0.126791455396897845276 32.03339756537162231 0.126791455396897845276 24.71868257662283241
0.159620985197506115583 38.09405823995440699 0.159620985197506115583 27.99473635588575959
0.200950914520774404082 44.90444610729194608 0.200950914520774404082 31.17632837097411880
0.252982212813464002465 52.42191186293293015 0.252982212813464002465 34.08448506268036482
0.318485736442795541734 60.56060897231709106 0.318485736442795541734 36.53500991931597497
0.400949786901819038576 69.19265516910962788 0.400949786901819038576 38.36865175665756311
0.504765875584169521062 78.15853007602679270 0.504765875584169521062 39.48531579237552336
0.635462587779443310865 87.28399673070686049 0.635462587779443310865 39.86850872596041029
0.799999999999997157829 96.40170611461101657 0.799999999999997157829 39.59296256807337500
1.007140329435330272645 105.37151116711612531 1.007140329435330272645 38.81015844288160821
1.267914553968893187630 114.09522467917273048 1.267914553968893187630 37.71472997132986649
1.596209851975103788391 122.52126420660214023 1.596209851975103788391 36.50234628405671344
2.009509145207687197399 130.63984794189988747 2.009509145207687197399 35.33723702717495740
2.529822128134711078928 138.47255336841544704 2.529822128134711078928 34.33200328757817488
3.184857364427983839050 146.05816832165223218 3.184857364427983839050 33.54358367664180207
4.009497869018190385759 153.44038494971297837 4.009497869018190385759 32.98202983744868533
5.009497869018190385759 160.42260855854775059 5.009497869018190385759 32.63094878352675465
6.009497869018190385759 166.03364636622521289 6.009497869018190385759 32.46237971792372434
7.009497869018204596614 170.71834236428782106 7.009497869018204596614 32.38522835696785052
8.009497869018190385759 174.73321982726420742 8.009497869018190385759 32.36580420271729253
9.009497869018204596614 178.24315417969069131 9.009497869018204596614 32.37177570146553052
10.009497869018190385759 181.35331449638189838 10.009497869018190385759 32.37989481084500198
11.009497869018190385759 184.14535629967519981 11.009497869018190385759 32.38229530833174152
12.009497869018190385759 186.67061135455216458 12.009497869018190385759 32.40724205805203439
13.009497869018190385759 188.97312246378626810 13.009497869018190385759 32.41840098509101153
14.009497869018204596614 191.09054471193329050 14.009497869018204596614 32.42385307627477431
15.009497869018190385759 193.04367895574887370 15.009497869018190385759 32.44433574839966639
16.009497869018190385759 194.85406145060926519 16.009497869018190385759 32.44446024122647998
17.009497869018190385759 196.54269432870646028 17.009497869018190385759 32.42056099156471305
18.009497869018190385759 198.12015969117723557 18.009497869018190385759 32.42908867183182053
19.009497869018204596614 199.59628479611896523 19.009497869018204596614 32.42787420978438462
20.009497869018190385759 200.98411963015487913 20.009497869018190385759 32.42839814066361015
21.009497869018204596614 202.29773652882417423 21.009497869018204596614 32.41022827598062861
22.009497869018190385759 203.54049442469698761 22.009497869018190385759 32.40186602521099246
23.009497869018190385759 204.71730226894189286 23.009497869018190385759 32.44760869129298442
24.009497869018190385759 205.83171517579057763 24.009497869018190385759 32.45325424981509599
25.009497869018190385759 206.89172180146542246 25.009497869018190385759 32.45238821475440005
26.009497869018204596614 207.90678359491508331 26.009497869018204596614 32.46851421701767038
27.009497869018190385759 208.87797307691877791 27.009497869018190385759 32.45862485553877264
28.009497869018190385759 209.80603669708938241 28.009497869018190385759 32.47016476039098620
29.009497869018190385759 210.69377825649897318 29.009497869018190385759 32.50759593375923373
30.009497869018190385759 211.54245281035426274 30.009497869018190385759 32.50964879531291274
31.009497869018190385759 212.35639754024342096 31.009497869018190385759 32.49775822516995305
32.009497869018190385759 213.14018430399795534 32.009497869018190385759 32.48297152960194722
33.009497869018190385759 213.89599183724644149 33.009497869018190385759 32.46988310960853141
34.009497869018190385759 214.62387824847490947 34.009497869018190385759 32.44430059780968634
35.009497869018190385759 215.32441708290210158 35.009497869018190385759 32.43816865237196367
36.009497869018190385759 215.99943681933990547 36.009497869018190385759 32.43727101164972737
37.009497869018190385759 216.64997657372171602 37.009497869018190385759 32.42514468506897174
38.009497869018190385759 217.27679038480937379 38.009497869018190385759 32.39642473121777755
39.009497869018190385759 217.88244725722728390 39.009497869018190385759 32.35121604326478462
40.009497869018190385759 218.46900927933688763 40.009497869018190385759 32.28829992173449881
41.009497869018190385759 219.03814610386373829 41.009497869018190385759 32.25214393279011915
42.009497869018190385759 219.58937117939834138 42.009497869018190385759 32.18402737295025418
43.009497869018190385759 220.12307227078383676 43.009497869018190385759 32.13852607586153454
44.009497869018218807469 220.63937078661518854 44.009497869018218807469 32.09802051570090953
46.009497869018190385759 221.62416692763659398 46.009497869018190385759 31.98804882888407874
48.009497869018190385759 222.54535540589080256 48.009497869018190385759 31.87565981517228408
50.009497869018190385759 223.41335025524293201 50.009497869018190385759 31.77654044612095774
52.009497869018190385759 224.23678931743725684 52.009497869018190385759 31.70662201863209617
54.009497869018190385759 225.01705820120460544 54.009497869018190385759 31.64033401692060465
56.009497869018190385759 225.75585982491907089 56.009497869018190385759 31.61137211563193361
58.009497869018218807469 226.45835741966536148 58.009497869018218807469 31.58511691879516547
60.009497869018190385759 227.13278829432326233 60.009497869018190385759 31.54801779349401869
62.009497869018190385759 227.77696092240498160 62.009497869018190385759 31.50561770007520934
64.009497869018190385759 228.39301518503759780 64.009497869018190385759 31.47109461590544299
66.009497869018190385759 228.98238439248785880 66.009497869018190385759 31.43303894483857874
68.009497869018190385759 229.54589512948535912 68.009497869018190385759 31.35464203336191957
70.009497869018190385759 230.08353424692134581 70.009497869018190385759 31.29366250652802961
72.009497869018218807469 230.59847994944317406 72.009497869018218807469 31.13070368622839368
74.009497869018190385759 231.09321079560248791 74.009497869018190385759 30.98725316389064233
76.009497869018190385759 231.56956500409589239 76.009497869018190385759 30.86756337486005819
78.009497869018190385759 232.02677556574016648 78.009497869018190385759 30.71049862331355129
80.009497869018190385759 232.46483939633850468 80.009497869018190385759 30.60701223822816885
82.009497869018218807469 232.88418574563397101 82.009497869018218807469 30.51165675504413599
84.009497869018190385759 233.28623615729219409 84.009497869018190385759 30.37781442455856151
86.009497869018190385759 233.66770090847134611 86.009497869018190385759 30.23101702265730495
88.009497869018190385759 234.03259574900746998 88.009497869018190385759 30.13665644936219934
91.009497869018218807469 234.55565940921317747 91.009497869018218807469 30.05400126750785361
94.009497869018190385759 235.05675734747799766 94.009497869018190385759 30.00047424154643139
97.009497869018190385759 235.53759744846706781 97.009497869018190385759 29.99842923330979261
99.504748934509109403734 235.92188433700800942 99.504748934509109403734 29.29077798400967581
nan nan nan nan

