Time Pressure difference Time.1 Pressure.1 difference.1
(hr) (psi) (hr) (psi)
0.000200000000006639311 0.03073436965442827 0.000200000000006639311 0.02454424017329947
0.000399999999999067768 0.06136033031340613 0.000399999999999067768 0.06382385793723434
0.000600000000005707079 0.09189672447679542 0.000600000000005707079 0.09318512316626693
0.000799999999998135536 0.12235226483574392 0.000799999999998135536 0.12296178911396799
0.001007140329434719206 0.15381567737187768 0.001007140329434719206 0.15410102803351136
0.001267914553963578328 0.19331767105040254 0.001267914553963578328 0.19341644209580469
0.001596209851982166583 0.24288607177408872 0.001596209851982166583 0.24262205053060848
0.002009509145210586212 0.30504740867625041 0.002009509145210586212 0.30413686357097736
0.002529822128138903281 0.38294336090328940 0.002529822128138903281 0.38093722389018830
0.003184857364445292660 0.48047089121198999 0.003184857364445292660 0.47666841248194264
0.004009497869020606231 0.60245004405460345 0.004009497869020606231 0.59576970372683979
0.005047658755842121536 0.75482159956040118 0.005047658755842121536 0.74360965692320413
0.006354625877804664924 0.94487706864179555 0.006354625877804664924 0.92662512441761136
0.008000000000009777068 1.18152019917276951 0.008000000000009777068 1.15245184414086466
0.010071403294347192059 1.47555686351740922 0.010071403294347192059 1.43002790015774406
0.012679145539692626699 1.84000383802598355 0.012679145539692626699 1.76963702837519721
0.015962098519750611558 2.29039808112551757 0.015962098519750611558 2.18284974712769619
0.020095091452091651263 2.84507759325595710 0.020095091452091651263 2.68230347231422961
0.025298221281346400247 3.52538826877410560 0.025298221281346400247 3.28123721592987794
0.031848573644282396344 4.35574883414115277 0.031848573644282396344 3.99267840191351508
0.040094978690191851456 5.36348096311773670 0.040094978690191851456 4.82815928965523966
0.050476587558421215363 6.57828013221409602 0.050476587558421215363 5.79594130847209055
0.063546258777947173257 8.03122425084457880 0.063546258777947173257 6.89850325768164563
0.079999999999998294697 9.75308340879260705 0.079999999999998294697 8.12949975078813658
0.100714032943542974863 11.77192319699814682 0.100714032943542974863 9.47058758056767580
0.126791455396897845276 14.10994892760416874 0.126791455396897845276 10.88799113494100901
0.159620985197506115583 16.77952565331325374 0.159620985197506115583 12.33101482342586941
0.200950914520774404082 19.77933935678335686 0.200950914520774404082 13.73243035388145650
0.252982212813464002465 23.09060403486331481 0.252982212813464002465 15.01340413475206503
0.318485736442795541734 26.67550633304443153 0.318485736442795541734 16.09280198827013209
0.400949786901819038576 30.47771715782209512 0.400949786901819038576 16.90047755948011954
0.504765875584169521062 34.42697158110703981 0.504765875584169521062 17.39234147997493096
0.635462587779443310865 38.44652236947802493 0.635462587779443310865 17.56112884357780146
0.799999999999997157829 42.46265626476913724 0.799999999999997157829 17.43975732165137060
1.007140329435330272645 46.41364182361067492 1.007140329435330272645 17.09495074269785064
1.267914553968893187630 50.25622991820703334 1.267914553968893187630 16.61244058260958312
1.596209851975103788391 53.96769971005095101 1.596209851975103788391 16.07841443464403142
2.009509145207687197399 57.54374254583685655 2.009509145207687197399 15.56521154768420523
2.529822128134711078928 60.99386279323062610 2.529822128134711078928 15.12243001952847976
3.184857364427983839050 64.33514557025158354 3.184857364427983839050 14.77514995280650645
4.009497869018190385759 67.58683622784975853 4.009497869018190385759 14.52779885697144557
5.009497869018190385759 70.66233948412224208 5.009497869018190385759 14.37315601179154712
6.009497869018190385759 73.13386804226587401 6.009497869018190385759 14.29890535194259016
7.009497869018204596614 75.19736508903154970 7.009497869018204596614 14.26492201437869412
8.009497869018190385759 76.96582301915209712 8.009497869018190385759 14.25636613691118804
9.009497869018204596614 78.51186553153041814 9.009497869018204596614 14.25899643993124677
10.009497869018190385759 79.88181709959680177 10.009497869018190385759 14.26257271430077722
11.009497869018190385759 81.11164503676170057 11.009497869018190385759 14.26363007628898139
12.009497869018190385759 82.22395976331463885 12.009497869018190385759 14.27461852557054200
13.009497869018190385759 83.23816108523918444 13.009497869018190385759 14.27953376724246937
14.009497869018204596614 84.17083517073251642 14.009497869018204596614 14.28193528359722109
15.009497869018190385759 85.03114430193700457 15.009497869018190385759 14.29095741298556810
16.009497869018190385759 85.82857468657789468 16.009497869018190385759 14.29101224911166490
17.009497869018190385759 86.57237726383499421 17.009497869018190385759 14.28048519866541000
18.009497869018190385759 87.26721319730427240 18.009497869018190385759 14.28424143878306296
19.009497869018204596614 87.91741116019524327 19.009497869018204596614 14.28370649716693208
20.009497869018190385759 88.52871936090154747 20.009497869018190385759 14.28393727624468745
21.009497869018204596614 89.10733632817255057 21.009497869018204596614 14.27593388346765835
22.009497869018190385759 89.65474159183081326 22.009497869018190385759 14.27225051110484166
23.009497869018190385759 90.17309742798632044 23.009497869018190385759 14.29239906640286328
24.009497869018190385759 90.66396977981251837 24.009497869018190385759 14.29488580051379110
25.009497869018190385759 91.13087746016928747 25.009497869018190385759 14.29450433268943677
26.009497869018204596614 91.57798801204593531 26.009497869018204596614 14.30160745273397538
27.009497869018190385759 92.00577385530945662 27.009497869018190385759 14.29725142446350716
28.009497869018190385759 92.41456378324176058 28.009497869018190385759 14.30233447779126976
29.009497869018190385759 92.80559280345788409 29.009497869018190385759 14.31882201844156732
30.009497869018190385759 93.17941373789415138 30.009497869018190385759 14.31972625507830621
31.009497869018190385759 93.53793701177387732 31.009497869018190385759 14.31448874203914734
32.009497869018190385759 93.88317641961815241 32.009497869018190385759 14.30797555470562088
33.009497869018190385759 94.21609164259663771 33.009497869018190385759 14.30221041732756682
34.009497869018190385759 94.53670827611395566 34.009497869018190385759 14.29094192998759993
35.009497869018190385759 94.84527895318306889 35.009497869018190385759 14.28824095402098315
36.009497869018190385759 95.14260907518543320 36.009497869018190385759 14.28784556465523892
37.009497869018190385759 95.42915634794884738 37.009497869018190385759 14.28250420651847641
38.009497869018190385759 95.70525290759459835 38.009497869018190385759 14.26985375065544659
39.009497869018190385759 95.97203033949297435 39.009497869018190385759 14.24994040000948736
40.009497869018190385759 96.23039694446983106 40.009497869018190385759 14.22222734647829157
41.009497869018190385759 96.48108816479712857 41.009497869018190385759 14.20630149420517085
42.009497869018190385759 96.72388968616354532 42.009497869018190385759 14.17629777141856451
43.009497869018190385759 96.95897230975002401 43.009497869018190385759 14.15625553341519982
44.009497869018218807469 97.18638951315192287 44.009497869018218807469 14.13841379858254221
46.009497869018190385759 97.62016876574469393 46.009497869018190385759 14.08997388891322444
48.009497869018190385759 98.02593035735665694 48.009497869018190385759 14.04046920430207734
50.009497869018190385759 98.40826142195224691 50.009497869018190385759 13.99680948221994647
52.009497869018190385759 98.77096672315687442 52.009497869018190385759 13.96601207963556668
54.009497869018190385759 99.11465658862583439 54.009497869018190385759 13.93681379316740987
56.009497869018190385759 99.44008111335722333 56.009497869018190385759 13.92405676521882896
58.009497869018218807469 99.74951457770974628 58.009497869018218807469 13.91249197613596422
60.009497869018190385759 100.04658532011859506 60.009497869018190385759 13.89615069475331666
62.009497869018190385759 100.33032802534505379 62.009497869018190385759 13.87747446312836530
64.009497869018190385759 100.60168526007606715 64.009497869018190385759 13.86226786652977871
66.009497869018190385759 100.86128836335774395 66.009497869018190385759 13.84550524951223061
68.009497869018190385759 101.10950142608284352 68.009497869018190385759 13.81097327659989382
70.009497869018190385759 101.34631865638202441 70.009497869018190385759 13.78411324692305939
72.009497869018218807469 101.57313997773091785 72.009497869018218807469 13.71233376655298208
74.009497869018190385759 101.79105713615824413 74.009497869018190385759 13.64914722695183258
76.009497869018190385759 102.00087982323270808 76.009497869018190385759 13.59642672464073954
78.009497869018190385759 102.20227018967125332 78.009497869018190385759 13.52724344122144551
80.009497869018190385759 102.39522687695861691 80.009497869018190385759 13.48166015255288386
82.009497869018218807469 102.57993895938639639 82.009497869018218807469 13.43965833257896314
84.009497869018190385759 102.75703259309298687 84.009497869018190385759 13.38070397272222323
86.009497869018190385759 102.92505873349334422 86.009497869018190385759 13.31604321236095601
88.009497869018190385759 103.08578622277710224 88.009497869018190385759 13.27447962650477820
91.009497869018218807469 103.31618331120104415 91.009497869018218807469 13.23807198687845954
94.009497869018190385759 103.53690502210341151 94.009497869018190385759 13.21449460639545137
97.009497869018190385759 103.74870363801525741 97.009497869018190385759 13.21359382895788315
99.504748934509109403734 103.91797286272972656 99.504748934509109403734 12.90189030248045299
nan nan nan nan

