Time Pressure difference Time.1 Pressure.1 difference.1
(hr) (psi) (hr) (psi)
0.000200000000006639311 0.39456285367171429 0.000200000000006639311 0.31509497519776342
0.000399999999999067768 0.78773397023967318 0.000399999999999067768 0.81936033838341393
0.000600000000005707079 1.17975524666156306 0.000600000000005707079 1.19629550010748065
0.000799999999998135536 1.57073853505346928 0.000799999999998135536 1.57856350889553521
0.001007140329434719206 1.97466072301734852 0.001007140329434719206 1.97832400853832135
0.001267914553963578328 2.48178091213354612 0.001267914553963578328 2.48304891879749290
0.001596209851982166583 3.11813200250519262 0.001596209851982166583 3.11474254059564970
0.002009509145210586212 3.91614916543834957 0.002009509145210586212 3.90445973503281696
0.002529822128138903281 4.91616476835303917 0.002529822128138903281 4.89041030669836285
0.003184857364445292660 6.16820738718095285 0.003184857364445292660 6.11939178186277832
0.004009497869020606231 7.73415597097126106 0.004009497869020606231 7.64839484514186374
0.005047658755842121536 9.69027729165379981 0.005047658755842121536 9.54634019023032288
0.006354625877804664924 12.13017858391494386 0.006354625877804664924 11.89586308373960577
0.008000000000009777068 15.16816471910987651 0.008000000000009777068 14.79498989099758610
0.010071403294347192059 18.94295973434511993 0.010071403294347192059 18.35846628580887696
0.012679145539692626699 23.62167089357681604 0.012679145539692626699 22.71831320211401817
0.015962098519750611558 29.40375914958435288 0.015962098519750611558 28.02307107799069641
0.020095091452091651263 36.52464477828593914 0.020095091452091651263 34.43497700943943585
0.025298221281346400247 45.25836290993784417 0.025298221281346400247 42.12399128558627126
0.031848573644282396344 55.91839719505533424 0.031848573644282396344 51.25735786240323222
0.040094978690191851456 68.85549885083581501 0.040094978690191851456 61.98312601584428450
0.050476587558421215363 84.45089358923502232 0.050476587558421215363 74.40735463579034104
0.063546258777947173257 103.10355457165337612 0.063546258777947173257 88.56186614591301520
0.079999999999998294697 125.20850322098617369 0.079999999999998294697 104.36519950336121099
0.100714032943542974863 151.12604104254378967 0.100714032943542974863 121.58186758836883712
0.126791455396897845276 181.14123623275622776 0.126791455396897845276 139.77826457018861106
0.159620985197506115583 215.41282933307550707 0.159620985197506115583 158.30356867911589802
0.200950914520774404082 253.92395120194851188 0.200950914520774404082 176.29471400253223123
0.252982212813464002465 296.43343017729932853 0.252982212813464002465 192.73964767587111169
0.318485736442795541734 342.45582454584069865 0.318485736442795541734 206.59678228184628779
0.400949786901819038576 391.26799053960797892 0.400949786901819038576 216.96559029062311197
0.504765875584169521062 441.96787840610392095 0.504765875584169521062 223.28005954021870139
0.635462587779443310865 493.57021960816376804 0.635462587779443310865 225.44692434322854524
0.799999999999997157829 545.12869529095507914 0.799999999999997157829 223.88877642660540346
1.007140329435330272645 595.85080719500194846 1.007140329435330272645 219.46220548058056465
1.267914553968893187630 645.18133003103628198 1.267914553968893187630 213.26781829025816251
1.596209851975103788391 692.82857735876211791 1.596209851975103788391 206.41207720151118110
2.009509145207687197399 738.73723538574347458 2.009509145207687197399 199.82366176081075082
2.529822128134711078928 783.02931964282561239 2.529822128134711078928 194.13930430475750200
3.184857364427983839050 825.92416610458110426 3.184857364427983839050 189.68097912386733128
4.009497869018190385759 867.66884346563881536 4.009497869018190385759 186.50552586652531772
5.009497869018190385759 907.15165553940698828 5.009497869018190385759 184.52024609732393401
6.009497869018190385759 938.88073838044022068 6.009497869018190385759 183.56702816683053925
7.009497869018204596614 965.37157884567523070 7.009497869018204596614 183.13075558999673831
8.009497869018190385759 988.07475497560119493 8.009497869018190385759 183.02091662250850845
9.009497869018204596614 1007.92259803991748868 9.009497869018204596614 183.05468402614437196
10.009497869018190385759 1025.50981411644511354 10.009497869018190385759 183.10059565656402469
11.009497869018190385759 1041.29814574221109069 11.009497869018190385759 183.11416989830448188
12.009497869018190385759 1055.57786182633662975 12.009497869018190385759 183.25523782827048080
13.009497869018190385759 1068.59801393212455878 13.009497869018190385759 183.31833890378845808
14.009497869018204596614 1080.57153259724168493 14.009497869018204596614 183.34916918131565922
15.009497869018190385759 1091.61604171405610941 15.009497869018190385759 183.46499381535528528
16.009497869018190385759 1101.85332367904061357 16.009497869018190385759 183.46569779264976319
17.009497869018190385759 1111.40214054923285403 17.009497869018190385759 183.33055322610999838
18.009497869018190385759 1120.32233158701410503 18.009497869018190385759 183.37877522762039462
19.009497869018204596614 1128.66946759710117476 19.009497869018204596614 183.37190773389980336
20.009497869018190385759 1136.51734314670898129 20.009497869018190385759 183.37487043827638900
21.009497869018204596614 1143.94553394275567371 21.009497869018204596614 183.27212417965236568
22.009497869018190385759 1150.97303394917935293 22.009497869018190385759 183.22483764256216432
23.009497869018190385759 1157.62760211604063443 23.009497869018190385759 183.48350152814484204
24.009497869018190385759 1163.92934176786343414 24.009497869018190385759 183.51542581740679339
25.009497869018190385759 1169.92342685352468834 25.009497869018190385759 183.51052859533734818
26.009497869018204596614 1175.66335961410322852 26.009497869018204596614 183.60171729861181689
27.009497869018190385759 1181.15520489924301728 27.009497869018190385759 183.54579531405852322
28.009497869018190385759 1186.40318370377917745 28.009497869018190385759 183.61105072840140906
29.009497869018190385759 1191.42315085520249340 29.009497869018190385759 183.82271510161470474
30.009497869018190385759 1196.22220339188447724 30.009497869018190385759 183.83432354492418881
31.009497869018190385759 1200.82486704304324121 31.009497869018190385759 183.76708520185391649
32.009497869018190385759 1205.25699457617884036 32.009497869018190385759 183.68346995905864105
33.009497869018190385759 1209.53090622252443609 33.009497869018190385759 183.60945806028632887
34.009497869018190385759 1213.64693057173326451 34.009497869018190385759 183.46479504713812503
35.009497869018190385759 1217.60831088545842249 35.009497869018190385759 183.43012035567480211
36.009497869018190385759 1221.42538677602919961 36.009497869018190385759 183.42504441111452707
37.009497869018190385759 1225.10403419664066860 37.009497869018190385759 183.35647292152100363
38.009497869018190385759 1228.64851705695764394 38.009497869018190385759 183.19406842057671270
39.009497869018190385759 1232.07336246646400468 39.009497869018190385759 182.93842405417586860
40.009497869018190385759 1235.39023104386933483 40.009497869018190385759 182.58264836695101963
41.009497869018190385759 1238.60856427780095146 41.009497869018190385759 182.37819485803933617
42.009497869018190385759 1241.72561083588334441 42.009497869018190385759 181.99301193037345570
43.009497869018190385759 1244.74356343597992236 43.009497869018190385759 181.73571292897892704
44.009497869018218807469 1247.66310861478814331 44.009497869018218807469 181.50666363045155549
46.009497869018190385759 1253.23189631699256097 46.009497869018190385759 180.88479992523733131
48.009497869018190385759 1258.44099783093020051 48.009497869018190385759 180.24926681198613210
50.009497869018190385759 1263.34930203857607012 50.009497869018190385759 179.68877037985066636
52.009497869018190385759 1268.00565387836536502 52.009497869018190385759 179.29339831964580299
54.009497869018190385759 1272.41788863776400831 54.009497869018190385759 178.91855545282487583
56.009497869018190385759 1276.59563591472101507 56.009497869018190385759 178.75478279672822168
58.009497869018218807469 1280.56809255167900119 58.009497869018218807469 178.60631590985357775
60.009497869018190385759 1284.38183856908995040 60.009497869018190385759 178.39652918940069526
62.009497869018190385759 1288.02448140645674357 62.009497869018190385759 178.15676675637769222
64.009497869018190385759 1291.50812158205781088 64.009497869018190385759 177.96154693517959799
66.009497869018190385759 1294.84086412418719192 66.009497869018190385759 177.74635117617052060
68.009497869018190385759 1298.02738317268517676 68.009497869018190385759 177.30303530770132170
70.009497869018190385759 1301.06760437247180562 70.009497869018190385759 176.95821060239063627
72.009497869018218807469 1303.97949971411321712 72.009497869018218807469 176.03671727331530406
74.009497869018190385759 1306.77708485608559386 74.009497869018190385759 175.22553872438160738
76.009497869018190385759 1309.47075448744681125 76.009497869018190385759 174.54872146498249208
78.009497869018190385759 1312.05617135388774841 78.009497869018190385759 173.66055769135638798
80.009497869018190385759 1314.53331801500917209 80.009497869018190385759 173.07536682331402744
82.009497869018218807469 1316.90462177590643478 82.009497869018218807469 172.53615426959481738
84.009497869018190385759 1319.17812112754495502 84.009497869018190385759 171.77930775792043505
86.009497869018190385759 1321.33521347052260353 86.009497869018190385759 170.94920340193118591
88.009497869018190385759 1323.39860691403032433 88.009497869018190385759 170.41561682675052225
91.009497869018218807469 1326.35640737352696306 91.009497869018218807469 169.94822145316942397
94.009497869018190385759 1329.18999690538157665 94.009497869018190385759 169.64553886588757337
97.009497869018190385759 1331.90903319073640887 97.009497869018190385759 169.63397483121607934
99.504748934509109403734 1334.08208404855736262 99.504748934509109403734 165.63237550481662197
nan nan nan nan

