Time Pressure difference Time.1 Pressure.1 difference.1
(hr) (psi) (hr) (psi)
0.000200000000006639311 0.73347157850973410 0.000200000000006639311 0.58574497494657918
0.000399999999999067768 1.46435599099290825 0.000399999999999067768 1.52314774482643078
0.000600000000005707079 2.19310291116244249 0.000600000000005707079 2.22385037177874834
0.000799999999998135536 2.91992026621518574 0.000799999999998135536 2.93446648074685790
0.001007140329434719206 3.67079035457751290 0.001007140329434719206 3.67760020955650058
0.001267914553963578328 4.61350009560825480 0.001267914553963578328 4.61585725325933804
0.001596209851982166583 5.79644328044649448 0.001596209851982166583 5.79014244914938647
0.002009509145210586212 7.27991518543592164 0.002009509145210586212 7.25818514954521632
0.002529822128138903281 9.13889155885417637 0.002529822128138903281 9.09101537013611427
0.003184857364445292660 11.46637289027533058 0.003184857364445292660 11.37562724923122737
0.004009497869020606231 14.37738888919499836 0.004009497869020606231 14.21796347002161021
0.005047658755842121536 18.01371547059011391 0.005047658755842121536 17.74614397468079119
0.006354625877804664924 22.54936355704609596 0.006354625877804664924 22.11378337461488996
0.008000000000009777068 28.19681988836636322 0.008000000000009777068 27.50310752368604028
0.010071403294347192059 35.21396514826682278 0.010071403294347192059 34.12742259025102953
0.012679145539692626699 43.91144294532278991 0.012679145539692626699 42.23214854203511237
0.015962098519750611558 54.66004069280627675 0.015962098519750611558 52.09341423550691275
0.020095091452091651263 67.89739229310838198 0.020095091452091651263 64.01280989333687899
0.025298221281346400247 84.13291463047391971 0.025298221281346400247 78.30628274773195585
0.031848573644282396344 103.94935731207128526 0.031848573644282396344 95.28473051053063614
0.040094978690191851456 127.99874839008003846 0.040094978690191851456 115.22336899366420937
0.050476587558421215363 156.98976639851477444 0.050476587558421215363 138.31935609137445908
0.063546258777947173257 191.66408144583144235 0.063546258777947173257 164.63184801440252158
0.079999999999998294697 232.75601756659114017 0.079999999999998294697 194.00941297151146614
0.100714032943542974863 280.93535629592878422 0.100714032943542974863 226.01429280111509001
0.126791455396897845276 336.73202440741840746 0.126791455396897845276 259.84043708521380722
0.159620985197506115583 400.44111221285402280 0.159620985197506115583 294.27800240770386608
0.200950914520774404082 472.03126086593795208 0.200950914520774404082 327.72259466154935126
0.252982212813464002465 551.05414494011643001 0.252982212813464002465 358.29286083746148961
0.318485736442795541734 636.60735383995222492 0.318485736442795541734 384.05254474709528267
0.400949786901819038576 727.34660136099762440 0.400949786901819038576 403.32761310867414295
0.504765875584169521062 821.59502448966259180 0.504765875584169521062 415.06587910318552304
0.635462587779443310865 917.52106087159722847 0.635462587779443310865 419.09396672646482784
0.799999999999997157829 1013.36555356192297950 0.799999999999997157829 416.19745175724750652
1.007140329435330272645 1107.65529000670881032 1.007140329435330272645 407.96868934600553303
1.267914553968893187630 1199.35813561558961737 1.267914553968893187630 396.45364957957468732
1.596209851975103788391 1287.93186064797259860 1.596209851975103788391 383.70918772407236474
2.009509145207687197399 1373.27363967497149133 2.009509145207687197399 371.46167017851763603
2.529822128134711078928 1455.61029314655775124 2.529822128134711078928 360.89474884442290659
3.184857364427983839050 1535.34955509546352914 3.184857364427983839050 352.60695698184179037
4.009497869018190385759 1612.95071322138755932 4.009497869018190385759 346.70395650556179135
5.009497869018190385759 1686.34718282378184995 5.009497869018190385759 343.01342590302527924
6.009497869018190385759 1745.32987787353408748 6.009497869018190385759 341.24144393960290245
7.009497869018204596614 1794.57495604364476094 7.009497869018204596614 340.43043618098346315
8.009497869018190385759 1836.77896556517021054 8.009497869018190385759 340.22625132142110260
9.009497869018204596614 1873.67506119841505097 9.009497869018204596614 340.28902314754839153
10.009497869018190385759 1906.36877024172895290 10.009497869018190385759 340.37437045209691178
11.009497869018190385759 1935.71844776920465847 11.009497869018190385759 340.39960425305866920
12.009497869018190385759 1962.26368840558984630 12.009497869018190385759 340.66184211023750095
13.009497869018190385759 1986.46746589908661917 13.009497869018190385759 340.77914368851622839
14.009497869018204596614 2008.72560691234593833 14.009497869018204596614 340.83645555179310804
15.009497869018190385759 2029.25676807055015161 15.009497869018190385759 341.05176745043939945
16.009497869018190385759 2048.28733643914256390 16.009497869018190385759 341.05307610717841271
17.009497869018190385759 2066.03808443152183827 17.009497869018190385759 340.80184947085285785
18.009497869018190385759 2082.62025008701812112 18.009497869018190385759 340.89149163366062112
19.009497869018204596614 2098.13713660682196860 19.009497869018204596614 340.87872532428110617
20.009497869018190385759 2112.72592420746104835 20.009497869018190385759 340.88423283578538303
21.009497869018204596614 2126.53453993990160598 21.009497869018204596614 340.69323294870110885
22.009497869018190385759 2139.59829258342188041 22.009497869018190385759 340.60532976501559688
23.009497869018190385759 2151.96878456518697931 23.009497869018190385759 341.08617231442508455
24.009497869018190385759 2163.68338690741802566 24.009497869018190385759 341.14551788793721698
25.009497869018190385759 2174.82607560349924825 25.009497869018190385759 341.13641420985874220
26.009497869018204596614 2185.49630850369067048 26.009497869018204596614 341.30592920984054217
27.009497869018190385759 2195.70535984427715448 27.009497869018190385759 341.20197318381826790
28.009497869018190385759 2205.46107623249918106 28.009497869018190385759 341.32327956458624385
29.009497869018190385759 2214.79293095819775772 29.009497869018190385759 341.71675249415960707
30.009497869018190385759 2223.71411704217644001 30.009497869018190385759 341.73833197930122196
31.009497869018190385759 2232.27022652422510873 31.009497869018190385759 341.61333943839366611
32.009497869018190385759 2240.50931833845470464 32.009497869018190385759 341.45790310283956615
33.009497869018190385759 2248.45429514629267942 33.009497869018190385759 341.32031887838491002
34.009497869018190385759 2256.10576777861160735 34.009497869018190385759 341.05139795078514453
35.009497869018190385759 2263.46976528812592733 35.009497869018190385759 340.98693952433859522
36.009497869018190385759 2270.56550846996606197 36.009497869018190385759 340.97750361055608437
37.009497869018190385759 2277.40392041186032657 37.009497869018190385759 340.85003282042742967
38.009497869018190385759 2283.99292749746018671 38.009497869018190385759 340.54813140077732214
39.009497869018190385759 2290.35953485871095836 39.009497869018190385759 340.07290197860481840
40.009497869018190385759 2296.52541897207674992 40.009497869018190385759 339.41153370109003617
41.009497869018190385759 2302.50813106799614616 41.009497869018190385759 339.03146538873420468
42.009497869018190385759 2308.30255656438976075 42.009497869018190385759 338.31543059898893944
43.009497869018190385759 2313.91277160835898030 43.009497869018190385759 337.83712529744923359
44.009497869018218807469 2319.34005243549017905 44.009497869018218807469 337.41133470671309169
46.009497869018190385759 2329.69213567979886648 46.009497869018190385759 336.25532280838859833
48.009497869018190385759 2339.37558123097142015 48.009497869018190385759 335.07390019996574893
50.009497869018190385759 2348.49986042118462137 50.009497869018190385759 334.03196683243817233
52.009497869018190385759 2357.15577342020333163 52.009497869018190385759 333.29699098157317394
54.009497869018190385759 2365.35788561504341487 54.009497869018190385759 332.60017782072492309
56.009497869018190385759 2373.12409792147082044 56.009497869018190385759 332.29573307265479798
58.009497869018218807469 2380.50868573291108987 58.009497869018218807469 332.01974094400151216
60.009497869018190385759 2387.59823885580317437 60.009497869018190385759 331.62975847208593905
62.009497869018190385759 2394.36972017242396760 62.009497869018190385759 331.18405272817153673
64.009497869018190385759 2400.84562390938344834 64.009497869018190385759 330.82114935529176591
66.009497869018190385759 2407.04101688769969769 66.009497869018190385759 330.42111176538651307
68.009497869018190385759 2412.96458808732813850 68.009497869018190385759 329.59701089831639820
70.009497869018190385759 2418.61619928608979535 70.009497869018190385759 328.95599991981254107
72.009497869018218807469 2424.02925946855111761 72.009497869018218807469 327.24299232071035703
74.009497869018190385759 2429.22982300615467466 74.009497869018190385759 325.73505409185042936
76.009497869018190385759 2434.23721307876985520 76.009497869018190385759 324.47688642858850017
78.009497869018190385759 2439.04336695891151976 78.009497869018190385759 322.82583671887937271
80.009497869018190385759 2443.64825222579611363 80.009497869018190385759 321.73799769470798537
82.009497869018218807469 2448.05638111184316585 82.009497869018218807469 320.73562993695202294
84.009497869018190385759 2452.28269674867851791 84.009497869018190385759 319.32869210577626973
86.009497869018190385759 2456.29261788309759140 86.009497869018190385759 317.78557179769529739
88.009497869018190385759 2460.12835769492357940 88.009497869018190385759 316.79366243793833746
91.009497869018218807469 2465.62675307541940128 91.009497869018218807469 315.92479903820753862
94.009497869018190385759 2470.89424687884638843 94.009497869018190385759 315.36212803911308811
97.009497869018190385759 2475.94879222614781611 97.009497869018190385759 315.34063110729221080
99.504748934509109403734 2479.98837939973918765 99.504748934509109403734 307.90186857000651344
nan nan nan nan

