Time Pressure difference Time.1 Pressure.1 difference.1
(hr) (psi) (hr) (psi)
0.000200000000006639311 0.27079471641469233 0.000200000000006639311 0.21625465666204396
0.000399999999999067768 0.54063426168028095 0.000399999999999067768 0.56233993750103772
0.000600000000005707079 0.80968465349825158 0.000600000000005707079 0.82103649060008155
0.000799999999998135536 1.07802265774195982 0.000799999999998135536 1.08339306084198816
0.001007140329434719206 1.35524083306032761 0.001007140329434719206 1.35775500375472169
0.001267914553963578328 1.70328542601165478 0.001267914553963578328 1.70415567900627907
0.001596209851982166583 2.14002322698251124 0.001596209851982166583 2.13769698575617229
0.002009509145210586212 2.68771500617453052 0.002009509145210586212 2.67969236551725976
0.002529822128138903281 3.37404150417492810 0.002529822128138903281 3.35636581049192895
0.003184857364445292660 4.23333812257050646 0.003184857364445292660 4.19983520186792791
0.004009497869020606231 5.30807336112974948 0.004009497869020606231 5.24921414634999461
0.005047658755842121536 6.65059030964029141 0.005047658755842121536 6.55180400424228537
0.006354625877804664924 8.32513309127636170 0.006354625877804664924 8.16431866378760418
0.008000000000009777068 10.41015094406277974 0.008000000000009777068 10.15403516729518607
0.010071403294347192059 13.00085236504528119 0.010071403294347192059 12.59970528247093391
0.012679145539692626699 16.21192570801271771 0.012679145539692626699 15.59193706081930486
0.015962098519750611558 20.18026417424104935 0.015962098519750611558 19.23267615036835210
0.020095091452091651263 25.06744041625518804 0.020095091452091651263 23.63326843174159109
0.025298221281346400247 31.06152907082050163 0.025298221281346400247 28.91036033494973623
0.031848573644282396344 38.37767891702744549 0.031848573644282396344 35.17873402767042990
0.040094978690191851456 47.25661605341573335 0.040094978690191851456 42.53999806561103014
0.050476587558421215363 57.95998170545392725 0.050476587558421215363 51.06694233951084527
0.063546258777947173257 70.76159745338736684 0.063546258777947173257 60.78140708119504865
0.079999999999998294697 85.93257273692945830 0.079999999999998294697 71.62748429072790657
0.100714032943542974863 103.72018816814582465 0.100714032943542974863 83.44355543959628108
0.126791455396897845276 124.32009055132323283 0.126791455396897845276 95.93202999975051171
0.159620985197506115583 147.84122602648972133 0.159620985197506115583 108.64623871450901049
0.200950914520774404082 174.27201703544255906 0.200950914520774404082 120.99384582068526583
0.252982212813464002465 203.44694365852541296 0.252982212813464002465 132.28026345754523163
0.318485736442795541734 235.03283958304012913 0.318485736442795541734 141.79063373448818197
0.400949786901819038576 268.53339982297308097 0.400949786901819038576 148.90691038893291420
0.504765875584169521062 303.32953339029444351 0.504765875584169521062 153.24063033707639647
0.635462587779443310865 338.74503493107664553 0.635462587779443310865 154.72778386503682668
0.799999999999997157829 374.13043087337132420 0.799999999999997157829 153.65840234752286619
1.007140329435330272645 408.94181714856972576 1.007140329435330272645 150.62037681404055434
1.267914553968893187630 442.79813387393221547 1.267914553968893187630 146.36907107920876570
1.596209851975103788391 475.49919203990833694 1.596209851975103788391 141.66386772145818895
2.009509145207687197399 507.00702891737336131 2.009509145207687197399 137.14213417689327912
2.529822128134711078928 537.40538569170757910 2.529822128134711078928 133.24086990179145573
3.184857364427983839050 566.84479610545986361 3.184857364427983839050 130.18105093553842266
4.009497869018190385759 595.49482730483850901 4.009497869018190385759 128.00168722628896489
5.009497869018190385759 622.59250464388776436 5.009497869018190385759 126.63915837416335819
6.009497869018190385759 644.36867518320741510 6.009497869018190385759 125.98494985765633203
7.009497869018204596614 662.54975727092664783 7.009497869018204596614 125.68552909966092557
8.009497869018190385759 678.13130552009681651 8.009497869018190385759 125.61014488197425010
9.009497869018204596614 691.75319360213291020 9.009497869018204596614 125.63331998425910285
10.009497869018190385759 703.82357768833924183 10.009497869018190385759 125.66482986113656750
11.009497869018190385759 714.65935897254905740 11.009497869018190385759 125.67414607757316958
12.009497869018190385759 724.45975359028568619 12.009497869018190385759 125.77096322529719430
13.009497869018190385759 733.39568956183723003 13.009497869018190385759 125.81427048975798755
14.009497869018204596614 741.61330447726481907 14.009497869018204596614 125.83542979601875800
15.009497869018190385759 749.19332547112060183 15.009497869018190385759 125.91492207117013891
16.009497869018190385759 756.21933372498358494 16.009497869018190385759 125.91540522190278750
17.009497869018190385759 762.77283751378934085 17.009497869018190385759 125.82265337202495914
18.009497869018190385759 768.89490546814033678 18.009497869018190385759 125.85574889306155910
19.009497869018204596614 774.62367670874732539 19.009497869018204596614 125.85103562368703933
20.009497869018190385759 780.00979761226767550 20.009497869018190385759 125.85306897448020891
21.009497869018204596614 785.10788224281759540 21.009497869018204596614 125.78255259487721673
22.009497869018190385759 789.93096645775256093 22.009497869018190385759 125.75009909784267847
23.009497869018190385759 794.49810166279837631 23.009497869018190385759 125.92762420668468337
24.009497869018190385759 798.82308508699679805 24.009497869018190385759 125.94953435047287371
25.009497869018190385759 802.93692032473472864 25.009497869018190385759 125.94617330964206303
26.009497869018204596614 806.87632680883712055 26.009497869018204596614 126.00875755652097610
27.009497869018190385759 810.64546694137516170 27.009497869018190385759 125.97037741554333934
28.009497869018190385759 814.24723765775172524 28.009497869018190385759 126.01516323675548392
29.009497869018190385759 817.69252037641263087 29.009497869018190385759 126.16043183816083229
30.009497869018190385759 820.98618590685111940 30.009497869018190385759 126.16839889609535419
31.009497869018190385759 824.14506664427813121 31.009497869018190385759 126.12225215958815738
32.009497869018190385759 827.18690575123025610 32.009497869018190385759 126.06486569821710475
33.009497869018190385759 830.12015879693251463 33.009497869018190385759 126.01407016348072432
34.009497869018190385759 832.94505129765263973 34.009497869018190385759 125.91478565340426599
35.009497869018190385759 835.66380915507249938 35.009497869018190385759 125.89098786515786799
36.009497869018190385759 838.28352860839061123 36.009497869018190385759 125.88750416425965284
37.009497869018190385759 840.80824241706284283 37.009497869018190385759 125.84044246824387869
38.009497869018190385759 843.24087696961726124 38.009497869018190385759 125.72898169496420451
39.009497869018190385759 845.59140245066782882 39.009497869018190385759 125.55352892981331081
40.009497869018190385759 847.86782172695041027 40.009497869018190385759 125.30935445816007245
41.009497869018190385759 850.07661464118541517 41.009497869018190385759 125.16903478678068495
42.009497869018190385759 852.21589291052202952 42.009497869018190385759 124.90467766168787023
43.009497869018190385759 854.28716143185158671 43.009497869018190385759 124.72808929441501391
44.009497869018218807469 856.29089138614938292 44.009497869018218807469 124.57088914426780946
46.009497869018190385759 860.11283831439914138 46.009497869018190385759 124.14409426447868157
48.009497869018190385759 863.68792693238572156 48.009497869018190385759 123.70791785412099273
50.009497869018190385759 867.05657360963334668 50.009497869018190385759 123.32324030280277327
52.009497869018190385759 870.25230139862549095 52.009497869018190385759 123.05189021516743253
54.009497869018190385759 873.28048778086542825 54.009497869018190385759 122.79462963709663370
56.009497869018190385759 876.14774170147165933 56.009497869018190385759 122.68222987733348361
58.009497869018218807469 878.87410141441557698 58.009497869018218807469 122.58033470865740355
60.009497869018190385759 881.49153552320694871 60.009497869018190385759 122.43635476998868228
62.009497869018190385759 883.99153881790505238 62.009497869018190385759 122.27180202648234797
64.009497869018190385759 886.38241607526492771 64.009497869018190385759 122.13781958077589707
66.009497869018190385759 888.66972990417912115 66.009497869018190385759 121.99012733354021520
68.009497869018190385759 890.85668824062179283 68.009497869018190385759 121.68587265328554281
70.009497869018190385759 892.94324005352814311 70.009497869018190385759 121.44921401343019340
72.009497869018218807469 894.94171980379132947 72.009497869018218807469 120.81677859179113455
74.009497869018190385759 896.86174665912392356 74.009497869018190385759 120.26005394557559214
76.009497869018190385759 898.71045465875306490 76.009497869018190385759 119.79554357386165009
78.009497869018190385759 900.48486707656309136 78.009497869018190385759 119.18598275238355200
80.009497869018190385759 902.18497194293274788 80.009497869018190385759 118.78435701979026362
82.009497869018218807469 903.81243515567473423 82.009497869018218807469 118.41428693029033070
84.009497869018190385759 905.37277365806255602 84.009497869018190385759 117.89485121912014165
86.009497869018190385759 906.85322019240072677 86.009497869018190385759 117.32513749269382686
88.009497869018190385759 908.26935969257658599 88.009497869018190385759 116.95892860109614730
91.009497869018218807469 910.29934485004173439 91.009497869018218807469 116.63814777628047636
94.009497869018190385759 912.24408208664078757 94.009497869018190385759 116.43041193743019335
97.009497869018190385759 914.11019962143166140 97.009497869018190385759 116.42247535784514412
99.504748934509109403734 915.60159873648353823 99.504748934509109403734 113.67611455698994405
nan nan nan nan

