Time Pressure difference Time.1 Pressure.1 difference.1
(hr) (psi) (hr) (psi)
0.000200000000006639311 0.53743613963284020 0.000200000000006639311 0.42919252411147985
0.000399999999999067768 1.07297658683172337 0.000399999999999067768 1.11605502933488165
0.000600000000005707079 1.60695083071585532 0.000600000000005707079 1.62948039698850544
0.000799999999998135536 2.13951122564125162 0.000799999999998135536 2.15016966369560247
0.001007140329434719206 2.68969576377310426 0.001007140329434719206 2.69468554426167151
0.001267914553963578328 3.38044684242190385 0.001267914553963578328 3.38217400097258425
0.001596209851982166583 4.24722401183338860 0.001596209851982166583 4.24260720792712664
0.002009509145210586212 5.33420738955497331 0.002009509145210586212 5.31828515487628017
0.002529822128138903281 6.69633390552508789 0.002529822128138903281 6.66125361775545421
0.003184857364445292660 8.40174774632858323 0.003184857364445292660 8.33525575340045677
0.004009497869020606231 10.53473455414401272 0.004009497869020606231 10.41791887327744170
0.005047658755842121536 13.19917770042107108 0.005047658755842121536 13.00312021700846188
0.006354625877804664924 16.52258009219572443 0.006354625877804664924 16.20341771616742221
0.008000000000009777068 20.66063699634545259 0.008000000000009777068 20.15233359889566245
0.010071403294347192059 25.80230515393956026 0.010071403294347192059 25.00616355140703817
0.012679145539692626699 32.17520224872463075 0.012679145539692626699 30.94473398266898556
0.015962098519750611558 40.05101509427595374 0.015962098519750611558 38.17037260517890473
0.020095091452091651263 49.75041088747579465 0.020095091452091651263 46.90406342127855766
0.025298221281346400247 61.64665432153638847 0.025298221281346400247 57.37731023531435426
0.031848573644282396344 76.16674312673852398 0.031848573644282396344 69.81791691994715165
0.040094978690191851456 93.78843738208583147 0.040094978690191851456 84.42754217316053200
0.050476587558421215363 115.03100663628433153 0.050476587558421215363 101.35064936706601202
0.063546258777947173257 140.43789433233627051 0.063546258777947173257 120.63058399243310248
0.079999999999998294697 170.54716122942747347 0.079999999999998294697 142.15638753405201555
0.100714032943542974863 205.84957590426489560 0.100714032943542974863 165.60730174668344716
0.126791455396897845276 246.73343124756479483 0.126791455396897845276 190.39270984613060023
0.159620985197506115583 293.41494858631551779 0.159620985197506115583 215.62612407450100704
0.200950914520774404082 345.87115037402247708 0.200950914520774404082 240.13195780976494120
0.252982212813464002465 403.77353542044767210 0.252982212813464002465 262.53168851850233523
0.318485736442795541734 466.46088101296612649 0.318485736442795541734 281.40656449758853341
0.400949786901819038576 532.94818921921341826 0.400949786901819038576 295.52997245901718770
0.504765875584169521062 602.00677332368252337 0.504765875584169521062 304.13094425794002973
0.635462587779443310865 672.29459386627786444 0.635462587779443310865 307.08244221067127455
0.799999999999997157829 742.52266495420633419 0.799999999999997157829 304.96008073266045812
1.007140329435330272645 811.61152053719217747 1.007140329435330272645 298.93062514933814100
1.267914553968893187630 878.80488532648519140 1.267914553968893187630 290.49321775536219548
1.596209851975103788391 943.70545168656644819 1.596209851975103788391 281.15497673553210234
2.009509145207687197399 1006.23787640963371359 2.009509145207687197399 272.18086138788328299
2.529822128134711078928 1066.56835749243805367 2.529822128134711078928 264.43816817932230379
3.184857364427983839050 1124.99565362034513782 3.184857364427983839050 258.36545998556243831
4.009497869018190385759 1181.85629836267003157 4.009497869018190385759 254.04015839082501316
5.009497869018190385759 1235.63604449262379603 5.009497869018190385759 251.33599836835492169
6.009497869018190385759 1278.85439522556794145 6.009497869018190385759 250.03761520829337428
7.009497869018204596614 1314.93770844874097747 7.009497869018204596614 249.44336603521665552
8.009497869018190385759 1345.86182414571362642 8.009497869018190385759 249.29375379950107572
9.009497869018204596614 1372.89667564595083604 9.009497869018204596614 249.33974855771666057
10.009497869018190385759 1396.85231522808453519 10.009497869018190385759 249.40228503115142189
11.009497869018190385759 1418.35768483202218704 11.009497869018190385759 249.42077457726946932
12.009497869018190385759 1437.80816126661011367 12.009497869018190385759 249.61292394713893827
13.009497869018190385759 1455.54297897702053888 13.009497869018190385759 249.69887425421291027
14.009497869018204596614 1471.85217176929563720 14.009497869018204596614 249.74086833749737480
15.009497869018190385759 1486.89595576630381402 15.009497869018190385759 249.89863368112602870
16.009497869018190385759 1500.84021141124048881 16.009497869018190385759 249.89959257230398748
17.009497869018190385759 1513.84670512706043155 17.009497869018190385759 249.71551144693296465
18.009497869018190385759 1525.99694428799625712 18.009497869018190385759 249.78119488899031353
19.009497869018204596614 1537.36662217963043986 19.009497869018204596614 249.77184063964878646
20.009497869018190385759 1548.05625477035937365 20.009497869018190385759 249.77587615487331618
21.009497869018204596614 1558.17423254939558319 21.009497869018204596614 249.63592493523174198
22.009497869018190385759 1567.74642729498737026 22.009497869018190385759 249.57151569418465442
23.009497869018190385759 1576.81064961911192768 23.009497869018190385759 249.92384313412574670
24.009497869018190385759 1585.39428236591083987 24.009497869018190385759 249.96732737655196388
25.009497869018190385759 1593.55885720890614721 25.009497869018190385759 249.96065684459634326
26.009497869018204596614 1601.37724983226280528 26.009497869018204596614 250.08486545726708528
27.009497869018190385759 1608.85772119960051896 27.009497869018190385759 250.00869382778080308
28.009497869018190385759 1616.00602075020037773 28.009497869018190385759 250.09757857110676582
29.009497869018190385759 1622.84374442803368765 29.009497869018190385759 250.38588772788364167
30.009497869018190385759 1629.38055914641927302 30.009497869018190385759 250.40169964961253868
31.009497869018190385759 1635.64987153020842925 31.009497869018190385759 250.31011394863048736
32.009497869018190385759 1641.68689577007967273 32.009497869018190385759 250.19622118633884611
33.009497869018190385759 1647.50841331783863097 33.009497869018190385759 250.09540918948476929
34.009497869018190385759 1653.11487174718195092 34.009497869018190385759 249.89836293789127808
35.009497869018190385759 1658.51068872187715897 35.009497869018190385759 249.85113235815074972
36.009497869018190385759 1663.70994788229677397 36.009497869018190385759 249.84421838734971288
37.009497869018190385759 1668.72065289521356135 37.009497869018190385759 249.75081680047173904
38.009497869018190385759 1673.54861165442434867 38.009497869018190385759 249.52960477497501302
39.009497869018190385759 1678.21361161221489056 39.009497869018190385759 249.18139023800375753
40.009497869018190385759 1682.73153575870196619 40.009497869018190385759 248.69678630193121194
41.009497869018190385759 1687.11524439523600449 41.009497869018190385759 248.41829910137150250
42.009497869018190385759 1691.36098991750850473 42.009497869018190385759 247.89363940831924538
43.009497869018190385759 1695.47175903806100905 43.009497869018190385759 247.54317108431445149
44.009497869018218807469 1699.44848689214290971 44.009497869018218807469 247.23118182926771169
46.009497869018190385759 1707.03376193072472233 46.009497869018190385759 246.38413800342854643
48.009497869018190385759 1714.12910651918264193 48.009497869018190385759 245.51847500495793497
50.009497869018190385759 1720.81473351359727531 50.009497869018190385759 244.75501986476501770
52.009497869018190385759 1727.15717486168910000 52.009497869018190385759 244.21648150065436766
54.009497869018190385759 1733.16710304975435974 54.009497869018190385759 243.70590605890041047
56.009497869018190385759 1738.85763460384123391 56.009497869018190385759 243.48283046206978497
58.009497869018218807469 1744.26853869670821950 58.009497869018218807469 243.28060293405320635
60.009497869018190385759 1749.46326221937079026 60.009497869018190385759 242.99485133798367542
62.009497869018190385759 1754.42492519995266775 62.009497869018190385759 242.66826966605549387
64.009497869018190385759 1759.17000981808700999 64.009497869018190385759 242.40235972012885668
66.009497869018190385759 1763.70955597547185789 66.009497869018190385759 242.10924044417333789
68.009497869018190385759 1768.04993034258359330 68.009497869018190385759 241.50539756649001788
70.009497869018190385759 1772.19103163997760930 70.009497869018190385759 241.03571002051947403
72.009497869018218807469 1776.15733961059208923 72.009497869018218807469 239.78053910702107032
74.009497869018190385759 1779.96794505660477625 74.009497869018190385759 238.67562853615768859
76.009497869018190385759 1783.63700663869076379 76.009497869018190385759 237.75373218493402305
78.009497869018190385759 1787.15861655992716805 78.009497869018190385759 236.54395963433177030
80.009497869018190385759 1790.53275106465480349 80.009497869018190385759 235.74686807301932845
82.009497869018218807469 1793.76271639791889356 82.009497869018218807469 235.01240381563755477
84.009497869018190385759 1796.85946183057194503 84.009497869018190385759 233.98149919868319557
86.009497869018190385759 1799.79764866405912471 86.009497869018190385759 232.85080968641995014
88.009497869018190385759 1802.60820773342652501 88.009497869018190385759 232.12400860401598379
91.009497869018218807469 1806.63704330667769682 91.009497869018218807469 231.48736690568549079
94.009497869018190385759 1810.49669052164608729 94.009497869018190385759 231.07508136048261349
97.009497869018190385759 1814.20030415664518841 97.009497869018190385759 231.05932992799327508
99.504748934509109403734 1817.16022816719282673 99.504748934509109403734 225.60873042445550141
nan nan nan nan

