Time Pressure difference Time.1 Pressure.1 difference.1
(hr) (psi) (hr) (psi)
0.000200000000006639311 0.29820645151188513 0.000200000000006639311 0.23814546546525697
0.000399999999999067768 0.59536104277061619 0.000399999999999067768 0.61926391890451715
0.000600000000005707079 0.89164659695052861 0.000600000000005707079 0.90414754639702233
0.000799999999998135536 1.18714765070356942 0.000799999999998135536 1.19306168356525721
0.001007140329434719206 1.49242778855416436 0.001007140329434719206 1.49519646119001548
0.001267914553963578328 1.87570388938093258 0.001267914553963578328 1.87666223547010480
0.001596209851982166583 2.35665134505129270 0.001596209851982166583 2.35408962541860678
0.002009509145210586212 2.95978431661551067 0.002009509145210586212 2.95094956816164533
0.002529822128138903281 3.71558558281840234 0.002529822128138903281 3.69612063179939421
0.003184857364445292660 4.66186621473255158 0.003184857364445292660 4.62497189408155229
0.004009497869020606231 5.84539367069196381 0.004009497869020606231 5.78057631453879761
0.005047658755842121536 7.32380957411308131 0.005047658755842121536 7.21502342798460283
0.006354625877804664924 9.16786128763255626 0.006354625877804664924 8.99076809907898777
0.008000000000009777068 11.46393922981146574 0.008000000000009777068 11.18189762288028177
0.010071403294347192059 14.31688956764188880 0.010071403294347192059 13.87513557180081314
0.012679145539692626699 17.85301021219805762 0.012679145539692626699 17.17026197801880727
0.015962098519750611558 22.22305165200164723 0.015962098519750611558 21.17954214104980792
0.020095091452091651263 27.60494205348347663 0.020095091452091651263 26.02559315029212073
0.025298221281346400247 34.20579428351091167 0.025298221281346400247 31.83686920321152058
0.031848573644282396344 42.26253598531550892 0.031848573644282396344 38.73977152126897749
0.040094978690191851456 52.04026123673695992 0.040094978690191851456 46.84619418881705144
0.050476587558421215363 63.82709641796920863 0.050476587558421215363 56.23629539841838465
0.063546258777947173257 77.92458124468117830 0.063546258777947173257 66.93412620291110215
0.079999999999998294697 94.63126875017691475 0.079999999999998294697 78.87811920359298767
0.100714032943542974863 114.21947101952255821 0.100714032943542974863 91.89029571415665032
0.126791455396897845276 136.90463959486208978 0.126791455396897845276 105.64294101199519105
0.159620985197506115583 162.80674890647182451 0.159620985197506115583 119.64417085432128829
0.200950914520774404082 191.91304943473582512 0.200950914520774404082 133.24168910928224818
0.252982212813464002465 224.04126617610620542 0.252982212813464002465 145.67059687502680276
0.318485736442795541734 258.82450739359325098 0.318485736442795541734 156.14367334564801126
0.400949786901819038576 295.71622863940899606 0.400949786901819038576 163.98030929333410199
0.504765875584169521062 334.03467020587640945 0.504765875584169521062 168.75271868408108844
0.635462587779443310865 373.03517650385435900 0.635462587779443310865 170.39041229309270875
0.799999999999997157829 412.00252970411133902 0.799999999999997157829 169.21278049926598896
1.007140329435330272645 450.33776796422250754 1.007140329435330272645 165.86722477374405571
1.267914553968893187630 487.62125785503582165 1.267914553968893187630 161.18557213937404526
1.596209851975103788391 523.63254583535922393 1.596209851975103788391 156.00407519019475444
2.009509145207687197399 558.32982632311973248 2.009509145207687197399 151.02462015185486166
2.529822128134711078928 591.80531737215653720 2.529822128134711078928 146.72844262191145503
3.184857364427983839050 624.22479080325183531 3.184857364427983839050 143.35888737993340669
4.009497869018190385759 655.77497853508282333 4.009497869018190385759 140.95891323385808391
5.009497869018190385759 685.61567229188869987 5.009497869018190385759 139.45845968197744469
6.009497869018190385759 709.59617911279588043 6.009497869018190385759 138.73802760398351097
7.009497869018204596614 729.61767748546822077 7.009497869018204596614 138.40829738275544969
8.009497869018190385759 746.77649902366488277 8.009497869018190385759 138.32528224732746480
9.009497869018204596614 761.77728988701142043 9.009497869018204596614 138.35080329554912737
10.009497869018190385759 775.06952266906080240 10.009497869018190385759 138.38550282253996215
11.009497869018190385759 787.00217751884986228 11.009497869018190385759 138.39576209156064124
12.009497869018190385759 797.79463662243119870 12.009497869018190385759 138.50237974810335118
13.009497869018190385759 807.63513052975315532 13.009497869018190385759 138.55007087675801358
14.009497869018204596614 816.68458989981002105 14.009497869018204596614 138.57337207598382633
15.009497869018190385759 825.03191363230769184 15.009497869018190385759 138.66091111518429102
16.009497869018190385759 832.76914358058013477 16.009497869018190385759 138.66144317381318274
17.009497869018190385759 839.98603885720967810 17.009497869018190385759 138.55930233299682186
18.009497869018190385759 846.72782534681709876 18.009497869018190385759 138.59574801413836553
19.009497869018204596614 853.03650287865127666 19.009497869018204596614 138.59055763467375755
20.009497869018190385759 858.96784460982860310 20.009497869018190385759 138.59279681545518770
21.009497869018204596614 864.58199302199852809 21.009497869018204596614 138.51514227472674179
22.009497869018190385759 869.89330355316928944 22.009497869018190385759 138.47940360774700252
23.009497869018190385759 874.92275612559694764 23.009497869018190385759 138.67489904969264103
24.009497869018190385759 879.68554462034308017 24.009497869018190385759 138.69902709147166320
25.009497869018190385759 884.21581103245341637 25.009497869018190385759 138.69532582258128173
26.009497869018204596614 888.55399179255380204 26.009497869018204596614 138.76424528463505226
27.009497869018190385759 892.70467065016464403 27.009497869018190385759 138.72198003736212968
28.009497869018190385759 896.67103778875116404 28.009497869018190385759 138.77129939262340486
29.009497869018190385759 900.46507612003722443 29.009497869018190385759 138.93127309785197099
30.009497869018190385759 904.09214951091882995 30.009497869018190385759 138.94004663711112357
31.009497869018190385759 907.57079424937364820 31.009497869018190385759 138.88922860519062397
32.009497869018190385759 910.92054958494372841 32.009497869018190385759 138.82603308484641502
33.009497869018190385759 914.15072701870792571 33.009497869018190385759 138.77009567082691888
34.009497869018190385759 917.26157489526781319 34.009497869018190385759 138.66076088825806778
35.009497869018190385759 920.25554443764121970 35.009497869018190385759 138.63455412144685397
36.009497869018190385759 923.14045021598838048 36.009497869018190385759 138.63071777597920686
37.009497869018190385759 925.92073321388204477 37.009497869018190385759 138.57889216594955428
38.009497869018190385759 928.59961604936381718 38.009497869018190385759 138.45614855365693074
39.009497869018190385759 931.18807815886430035 39.009497869018190385759 138.26293523252451223
40.009497869018190385759 933.69493251526125732 40.009497869018190385759 137.99404371312718354
41.009497869018190385759 936.12731489627469728 41.009497869018190385759 137.83951990323396330
42.009497869018190385759 938.48314587385721097 42.009497869018190385759 137.54840270106120670
43.009497869018190385759 940.76408268108798438 43.009497869018190385759 137.35393882421777789
44.009497869018218807469 942.97064419517664646 44.009497869018218807469 137.18082577543600564
46.009497869018190385759 947.17947532168489033 46.009497869018190385759 136.71082773296885193
48.009497869018190385759 951.11645941327140008 48.009497869018190385759 136.23049849579581405
50.009497869018190385759 954.82610406705020978 50.009497869018190385759 135.80688119235028921
52.009497869018190385759 958.34532577333300196 52.009497869018190385759 135.50806315105859312
54.009497869018190385759 961.68004635990996576 54.009497869018190385759 135.22476085802972534
56.009497869018190385759 964.83754377554703296 56.009497869018190385759 135.10098320847458808
58.009497869018218807469 967.83988468642701264 58.009497869018218807469 134.98877349818408788
60.009497869018190385759 970.72227378169111489 60.009497869018190385759 134.83021890314705615
62.009497869018190385759 973.47534489456404572 62.009497869018190385759 134.64900898008335162
64.009497869018190385759 976.10824346938693452 64.009497869018190385759 134.50146389416732973
66.009497869018190385759 978.62709520122803042 66.009497869018190385759 134.33882120472677002
68.009497869018190385759 981.03543275577681015 68.009497869018190385759 134.00376773782059558
70.009497869018190385759 983.33319993624718336 70.009497869018190385759 133.74315285528049913
72.009497869018218807469 985.53397978392956702 72.009497869018218807469 133.04669789709515726
74.009497869018190385759 987.64836518596769110 74.009497869018190385759 132.43361768853264948
76.009497869018190385759 989.68421233893366207 76.009497869018190385759 131.92208632827095016
78.009497869018190385759 991.63824319167520116 78.009497869018190385759 131.25082149725673730
80.009497869018190385759 993.51044456292288487 80.009497869018190385759 130.80854039909416997
82.009497869018218807469 995.30265098431675597 82.009497869018218807469 130.40100922691482310
84.009497869018190385759 997.02093786271314002 84.009497869018190385759 129.82899260019669896
86.009497869018190385759 998.65124554930025624 86.009497869018190385759 129.20160846588063919
88.009497869018190385759 1000.21073659397234223 88.009497869018190385759 128.79832934905985553
91.009497869018218807469 1002.44621104651832866 91.009497869018218807469 128.44507684565857630
94.009497869018190385759 1004.58780818743571217 94.009497869018190385759 128.21631253232342829
97.009497869018190385759 1006.64282719047230330 97.009497869018190385759 128.20757255664540253
99.504748934509109403734 1008.28519615459390479 99.504748934509109403734 125.18320590785089053
nan nan nan nan

