Time Pressure difference Time.1 Pressure.1 difference.1
(hr) (psi) (hr) (psi)
0.000200000000006639311 0.72931828531318976 0.000200000000006639311 0.58242818573397115
0.000399999999999067768 1.45606405446406950 0.000399999999999067768 1.51452289915923677
0.000600000000005707079 2.18068443488179398 0.000600000000005707079 2.21125778756709090
0.000799999999998135536 2.90338617637251772 0.000799999999998135536 2.91785002275848360
0.001007140329434719206 3.65000445222996239 0.001007140329434719206 3.65677574630872870
0.001267914553963578328 4.58737608600684954 0.001267914553963578328 4.58971989621936505
0.001596209851982166583 5.76362083831486149 0.001596209851982166583 5.75735568556416855
0.002009509145210586212 7.23869256264183392 0.002009509145210586212 7.21708557338697698
0.002529822128138903281 9.08714245602940807 0.002529822128138903281 9.03953736690771059
0.003184857364445292660 11.40144439146289912 0.003184857364445292660 11.31121259889582831
0.004009497869020606231 14.29597672107951034 0.004009497869020606231 14.13745405059906624
0.005047658755842121536 17.91171255173060217 0.005047658755842121536 17.64565618320468232
0.006354625877804664924 22.42167746668909700 0.006354625877804664924 21.98856376320710382
0.008000000000009777068 28.03715499658625632 0.008000000000009777068 27.34737078799133059
0.010071403294347192059 35.01456557211581355 0.010071403294347192059 33.93417557671619278
0.012679145539692626699 43.66279377802198525 0.012679145539692626699 41.99300840306549532
0.015962098519750611558 54.35052743860012470 0.015962098519750611558 51.79843453994912039
0.020095091452091651263 67.51292234807378634 0.020095091452091651263 63.65033645113226157
0.025298221281346400247 83.65651081036931203 0.025298221281346400247 77.86287231314683766
0.031848573644282396344 103.36074260475490405 0.031848573644282396344 94.74517937513692800
0.040094978690191851456 127.27395366533438903 0.040094978690191851456 114.57091503560269530
0.050476587558421215363 156.10080962389125148 0.050476587558421215363 137.53612077941878056
0.063546258777947173257 190.57878087139297918 0.063546258777947173257 163.69961784444552677
0.079999999999998294697 231.43803332215969704 0.079999999999998294697 192.91083192410766856
0.100714032943542974863 279.34455586390197368 0.100714032943542974863 224.73448366860594660
0.126791455396897845276 334.82527455233673663 0.126791455396897845276 258.36908693184341246
0.159620985197506115583 398.17360874619009792 0.159620985197506115583 292.61164905318685214
0.200950914520774404082 469.35837716907531103 0.200950914520774404082 325.86686082994378921
0.252982212813464002465 547.93379304351321935 0.252982212813464002465 356.26402244087336157
0.318485736442795541734 633.00255568683803631 0.318485736442795541734 381.87784177570739530
0.400949786901819038576 723.22799093426488071 0.400949786901819038576 401.04376478982544540
0.504765875584169521062 816.94273103275622816 0.504765875584169521062 412.71556268697270298
0.635462587779443310865 912.32558487572180184 0.635462587779443310865 416.72084120706244903
0.799999999999997157829 1007.62735676938666529 0.799999999999997157829 413.84072779486217541
1.007140329435330272645 1101.38317624676142259 1.007140329435330272645 405.65856086726262220
1.267914553968893187630 1192.56675319421015047 1.267914553968893187630 394.20872517651929456
1.596209851975103788391 1280.63892825472248660 1.596209851975103788391 381.53642901668803233
2.009509145207687197399 1365.49745824985848230 2.009509145207687197399 369.35826321261436078
2.529822128134711078928 1447.36787925558064671 2.529822128134711078928 358.85117722016229891
3.184857364427983839050 1526.65561650488893974 3.184857364427983839050 350.61031509632738334
4.009497869018190385759 1603.81735697438080024 4.009497869018190385759 344.74074044380893156
5.009497869018190385759 1676.79821802863034463 5.009497869018190385759 341.07110752305351298
6.009497869018190385759 1735.44692273268742611 6.009497869018190385759 339.30915943258361267
7.009497869018204596614 1784.41314995053244274 7.009497869018204596614 338.50274401687823911
8.009497869018190385759 1826.37817867069020394 8.009497869018190385759 338.29971535697359286
9.009497869018204596614 1863.06534964010006661 9.009497869018204596614 338.36213173674690324
10.009497869018190385759 1895.57393009313477705 10.009497869018190385759 338.44699576097519866
11.009497869018190385759 1924.75741465612873071 11.009497869018190385759 338.47208667518179936
12.009497869018190385759 1951.15234249162836022 12.009497869018190385759 338.73283960678202220
13.009497869018190385759 1975.21906575243269799 13.009497869018190385759 338.84947696321319199
14.009497869018204596614 1997.35116972711193739 14.009497869018204596614 338.90646429725296684
15.009497869018190385759 2017.76607289461298933 15.009497869018190385759 339.12055698922506508
16.009497869018190385759 2036.68888040041611021 16.009497869018190385759 339.12185823567682519
17.009497869018190385759 2054.33911453100336075 17.009497869018190385759 338.87205417373593264
18.009497869018190385759 2070.82738343873370468 18.009497869018190385759 338.96118873652778802
19.009497869018204596614 2086.25640536895798505 19.009497869018204596614 338.94849471655584239
20.009497869018190385759 2100.76258375328552575 20.009497869018190385759 338.95397104169825298
21.009497869018204596614 2114.49300800366199837 21.009497869018204596614 338.76405269417853106
22.009497869018190385759 2127.48278696290435619 22.009497869018190385759 338.67664726351489435
23.009497869018190385759 2139.78323085870215436 23.009497869018190385759 339.15476703518146451
24.009497869018190385759 2151.43149909933481467 24.009497869018190385759 339.21377656354349028
25.009497869018190385759 2162.51109216293616555 25.009497869018190385759 339.20472443517098782
26.009497869018204596614 2173.12090471827923466 26.009497869018204596614 339.37327955406567526
27.009497869018190385759 2183.27214716112712267 27.009497869018190385759 339.26991218051239230
28.009497869018190385759 2192.97262166719610832 28.009497869018190385759 339.39053166218195656
29.009497869018190385759 2202.25163463340595627 29.009497869018190385759 339.78177654572158417
30.009497869018190385759 2211.12230437489370161 30.009497869018190385759 339.80323383672299542
31.009497869018190385759 2219.62996476587750294 31.009497869018190385759 339.67894906784783871
32.009497869018190385759 2227.82240260607386517 32.009497869018190385759 339.52439289274423118
33.009497869018190385759 2235.72239087026628113 33.009497869018190385759 339.38758774090820225
34.009497869018190385759 2243.33053693048805144 34.009497869018190385759 339.12018958186791906
35.009497869018190385759 2250.65283569985786016 35.009497869018190385759 339.05609615217360897
36.009497869018190385759 2257.70839913548161348 36.009497869018190385759 339.04671366938646315
37.009497869018190385759 2264.50808847294820225 37.009497869018190385759 338.91996468441141133
38.009497869018190385759 2271.05978521265024028 38.009497869018190385759 338.61977278582389772
39.009497869018190385759 2277.39034156959041866 39.009497869018190385759 338.14723435698192588
40.009497869018190385759 2283.52131127687880507 40.009497869018190385759 337.48961108670107478
41.009497869018190385759 2289.47014618086132032 41.009497869018190385759 337.11169491654430885
42.009497869018190385759 2295.23176066085397906 42.009497869018190385759 336.39971468393241594
43.009497869018190385759 2300.81020778271658855 43.009497869018190385759 335.92411779293365726
44.009497869018218807469 2306.20675655533477766 44.009497869018218807469 335.50073824744521289
46.009497869018190385759 2316.50022098172530605 46.009497869018190385759 334.35127228285972478
48.009497869018190385759 2326.12883388538239160 48.009497869018190385759 333.17653949668169844
50.009497869018190385759 2335.20144671551543070 50.009497869018190385759 332.14050609159767191
52.009497869018190385759 2343.80834548464190448 52.009497869018190385759 331.40969205189270497
54.009497869018190385759 2351.96401310306691812 54.009497869018190385759 330.71682460543206616
56.009497869018190385759 2359.68624912236873570 56.009497869018190385759 330.41410378005764414
58.009497869018218807469 2367.02902160078838278 58.009497869018218807469 330.13967446073991141
60.009497869018190385759 2374.07843002876006722 60.009497869018190385759 329.75190027009222149
62.009497869018190385759 2380.81156773656630321 62.009497869018190385759 329.30871834126230624
64.009497869018190385759 2387.25080157694037553 64.009497869018190385759 328.94786991386882846
66.009497869018190385759 2393.41111305481354066 66.009497869018190385759 328.55009754247947740
68.009497869018190385759 2399.30114194866837352 68.009497869018190385759 327.73066315823530203
70.009497869018190385759 2404.92075081901111844 70.009497869018190385759 327.09328191347151460
72.009497869018218807469 2410.30315947156077527 72.009497869018218807469 325.38997424414912985
74.009497869018190385759 2415.47427474451160379 74.009497869018190385759 323.89057473685693367
76.009497869018190385759 2420.45331039995471656 76.009497869018190385759 322.63953146579916620
78.009497869018190385759 2425.23224936571250510 78.009497869018190385759 320.99783084844403902
80.009497869018190385759 2429.81105940458564874 80.009497869018190385759 319.91615172814681500
82.009497869018218807469 2434.19422719841213620 82.009497869018218807469 318.91945989200894473
84.009497869018190385759 2438.39661126312512351 84.009497869018190385759 317.52048886621923884
86.009497869018190385759 2442.38382616235548994 86.009497869018190385759 315.98610649872756539
88.009497869018190385759 2446.19784604319693244 88.009497869018190385759 314.99981383976205507
91.009497869018218807469 2451.66510668201408407 91.009497869018218807469 314.13587039133204826
94.009497869018190385759 2456.90277322721067321 94.009497869018190385759 313.57638552473531490
97.009497869018190385759 2461.92869713992922698 97.009497869018190385759 313.55501031959522606
99.504748934509109403734 2465.94541009396471054 99.504748934509109403734 306.15836988048209832
nan nan nan nan

