Time Pressure difference Time.1 Pressure.1 difference.1
(hr) (psi) (hr) (psi)
0.000200000000006639311 0.13539735820734616 0.000200000000006639311 0.10812732833102198
0.000399999999999067768 0.27031713084014047 0.000399999999999067768 0.28116996875051886
0.000600000000005707079 0.40484232674912579 0.000600000000005707079 0.41051824530004077
0.000799999999998135536 0.53901132887097991 0.000799999999998135536 0.54169653042099408
0.001007140329434719206 0.67762041653016380 0.001007140329434719206 0.67887750187736084
0.001267914553963578328 0.85164271300582739 0.001267914553963578328 0.85207783950313953
0.001596209851982166583 1.07001161349125562 0.001596209851982166583 1.06884849287808614
0.002009509145210586212 1.34385750308726526 0.002009509145210586212 1.33984618275862988
0.002529822128138903281 1.68702075208746405 0.002529822128138903281 1.67818290524596447
0.003184857364445292660 2.11666906128525323 0.003184857364445292660 2.09991760093396396
0.004009497869020606231 2.65403668056487474 0.004009497869020606231 2.62460707317499731
0.005047658755842121536 3.32529515482014570 0.005047658755842121536 3.27590200212114269
0.006354625877804664924 4.16256654563818085 0.006354625877804664924 4.08215933189380209
0.008000000000009777068 5.20507547203138987 0.008000000000009777068 5.07701758364759304
0.010071403294347192059 6.50042618252264059 0.010071403294347192059 6.29985264123546695
0.012679145539692626699 8.10596285400635885 0.012679145539692626699 7.79596853040965243
0.015962098519750611558 10.09013208712052467 0.015962098519750611558 9.61633807518417605
0.020095091452091651263 12.53372020812759402 0.020095091452091651263 11.81663421587079554
0.025298221281346400247 15.53076453541025082 0.025298221281346400247 14.45518016747486811
0.031848573644282396344 19.18883945851372275 0.031848573644282396344 17.58936701383521495
0.040094978690191851456 23.62830802670786667 0.040094978690191851456 21.26999903280551507
0.050476587558421215363 28.97999085272696362 0.050476587558421215363 25.53347116975542264
0.063546258777947173257 35.38079872669368342 0.063546258777947173257 30.39070354059752432
0.079999999999998294697 42.96628636846472915 0.079999999999998294697 35.81374214536395328
0.100714032943542974863 51.86009408407291232 0.100714032943542974863 41.72177771979814054
0.126791455396897845276 62.16004527566161642 0.126791455396897845276 47.96601499987525585
0.159620985197506115583 73.92061301324486067 0.159620985197506115583 54.32311935725450525
0.200950914520774404082 87.13600851772127953 0.200950914520774404082 60.49692291034263292
0.252982212813464002465 101.72347182926270648 0.252982212813464002465 66.14013172877261582
0.318485736442795541734 117.51641979152006456 0.318485736442795541734 70.89531686724409099
0.400949786901819038576 134.26669991148654049 0.400949786901819038576 74.45345519446645710
0.504765875584169521062 151.66476669514722175 0.504765875584169521062 76.62031516853819824
0.635462587779443310865 169.37251746553832277 0.635462587779443310865 77.36389193251841334
0.799999999999997157829 187.06521543668566210 0.799999999999997157829 76.82920117376143310
1.007140329435330272645 204.47090857428486288 1.007140329435330272645 75.31018840702027717
1.267914553968893187630 221.39906693696610773 1.267914553968893187630 73.18453553960438285
1.596209851975103788391 237.74959601995416847 1.596209851975103788391 70.83193386072909448
2.009509145207687197399 253.50351445868668065 2.009509145207687197399 68.57106708844663956
2.529822128134711078928 268.70269284585378955 2.529822128134711078928 66.62043495089572787
3.184857364427983839050 283.42239805272993181 3.184857364427983839050 65.09052546776921133
4.009497869018190385759 297.74741365241925450 4.009497869018190385759 64.00084361314448245
5.009497869018190385759 311.29625232194388218 5.009497869018190385759 63.31957918708167909
6.009497869018190385759 322.18433759160370755 6.009497869018190385759 62.99247492882816601
7.009497869018204596614 331.27487863546332392 7.009497869018204596614 62.84276454983046278
8.009497869018190385759 339.06565276004840825 8.009497869018190385759 62.80507244098712505
9.009497869018204596614 345.87659680106645510 9.009497869018204596614 62.81665999212955143
10.009497869018190385759 351.91178884416962092 10.009497869018190385759 62.83241493056828375
11.009497869018190385759 357.32967948627452870 11.009497869018190385759 62.83707303878658479
12.009497869018190385759 362.22987679514284309 12.009497869018190385759 62.88548161264859715
13.009497869018190385759 366.69784478091861502 13.009497869018190385759 62.90713524487899377
14.009497869018204596614 370.80665223863240954 14.009497869018204596614 62.91771489800937900
15.009497869018190385759 374.59666273556030092 15.009497869018190385759 62.95746103558506945
16.009497869018190385759 378.10966686249179247 16.009497869018190385759 62.95770261095139375
17.009497869018190385759 381.38641875689467042 17.009497869018190385759 62.91132668601247957
18.009497869018190385759 384.44745273407016839 18.009497869018190385759 62.92787444653077955
19.009497869018204596614 387.31183835437366270 19.009497869018204596614 62.92551781184351967
20.009497869018190385759 390.00489880613383775 20.009497869018190385759 62.92653448724010445
21.009497869018204596614 392.55394112140879770 21.009497869018204596614 62.89127629743860837
22.009497869018190385759 394.96548322887628046 22.009497869018190385759 62.87504954892133924
23.009497869018190385759 397.24905083139918816 23.009497869018190385759 62.96381210334234169
24.009497869018190385759 399.41154254349839903 24.009497869018190385759 62.97476717523643686
25.009497869018190385759 401.46846016236736432 25.009497869018190385759 62.97308665482103152
26.009497869018204596614 403.43816340441856028 26.009497869018204596614 63.00437877826048805
27.009497869018190385759 405.32273347068758085 27.009497869018190385759 62.98518870777166967
28.009497869018190385759 407.12361882887586262 28.009497869018190385759 63.00758161837774196
29.009497869018190385759 408.84626018820631543 29.009497869018190385759 63.08021591908041614
30.009497869018190385759 410.49309295342555970 30.009497869018190385759 63.08419944804767709
31.009497869018190385759 412.07253332213906560 31.009497869018190385759 63.06112607979407869
32.009497869018190385759 413.59345287561512805 32.009497869018190385759 63.03243284910855238
33.009497869018190385759 415.06007939846625732 33.009497869018190385759 63.00703508174036216
34.009497869018190385759 416.47252564882631987 34.009497869018190385759 62.95739282670213299
35.009497869018190385759 417.83190457753624969 35.009497869018190385759 62.94549393257893399
36.009497869018190385759 419.14176430419530561 36.009497869018190385759 62.94375208212982642
37.009497869018190385759 420.40412120853142142 37.009497869018190385759 62.92022123412193935
38.009497869018190385759 421.62043848480863062 38.009497869018190385759 62.86449084748210225
39.009497869018190385759 422.79570122533391441 39.009497869018190385759 62.77676446490665541
40.009497869018190385759 423.93391086347520513 40.009497869018190385759 62.65467722908003623
41.009497869018190385759 425.03830732059270758 41.009497869018190385759 62.58451739339034248
42.009497869018190385759 426.10794645526101476 42.009497869018190385759 62.45233883084393511
43.009497869018190385759 427.14358071592579336 43.009497869018190385759 62.36404464720750696
44.009497869018218807469 428.14544569307469146 44.009497869018218807469 62.28544457213390473
46.009497869018190385759 430.05641915719957069 46.009497869018190385759 62.07204713223934078
48.009497869018190385759 431.84396346619286078 48.009497869018190385759 61.85395892706049636
50.009497869018190385759 433.52828680481667334 50.009497869018190385759 61.66162015140138664
52.009497869018190385759 435.12615069931274547 52.009497869018190385759 61.52594510758371626
54.009497869018190385759 436.64024389043271412 54.009497869018190385759 61.39731481854831685
56.009497869018190385759 438.07387085073582966 56.009497869018190385759 61.34111493866674181
58.009497869018218807469 439.43705070720778849 58.009497869018218807469 61.29016735432870178
60.009497869018190385759 440.74576776160347436 60.009497869018190385759 61.21817738499434114
62.009497869018190385759 441.99576940895252619 62.009497869018190385759 61.13590101324117398
64.009497869018190385759 443.19120803763246386 64.009497869018190385759 61.06890979038794853
66.009497869018190385759 444.33486495208956057 66.009497869018190385759 60.99506366677010760
68.009497869018190385759 445.42834412031089641 68.009497869018190385759 60.84293632664277141
70.009497869018190385759 446.47162002676407155 70.009497869018190385759 60.72460700671509670
72.009497869018218807469 447.47085990189566473 72.009497869018218807469 60.40838929589556727
74.009497869018190385759 448.43087332956196178 74.009497869018190385759 60.13002697278779607
76.009497869018190385759 449.35522732937653245 76.009497869018190385759 59.89777178693082504
78.009497869018190385759 450.24243353828154568 78.009497869018190385759 59.59299137619177600
80.009497869018190385759 451.09248597146637394 80.009497869018190385759 59.39217850989513181
82.009497869018218807469 451.90621757783736712 82.009497869018218807469 59.20714346514516535
84.009497869018190385759 452.68638682903127801 84.009497869018190385759 58.94742560956007082
86.009497869018190385759 453.42661009620036339 86.009497869018190385759 58.66256874634691343
88.009497869018190385759 454.13467984628829299 88.009497869018190385759 58.47946430054807365
91.009497869018218807469 455.14967242502086719 91.009497869018218807469 58.31907388814023818
94.009497869018190385759 456.12204104332039378 94.009497869018190385759 58.21520596871509667
97.009497869018190385759 457.05509981071583070 97.009497869018190385759 58.21123767892257206
99.504748934509109403734 457.80079936824176912 99.504748934509109403734 56.83805727849497202
nan nan nan nan

