Time Pressure difference Time.1 Pressure.1 difference.1
(hr) (psi) (hr) (psi)
0.000200000000006639311 0.85225576393090285 0.000200000000006639311 0.68060514642716907
0.000399999999999067768 1.70150537571769389 0.000399999999999067768 1.76981833090817409
0.000600000000005707079 2.54827133278897611 0.000600000000005707079 2.58399828023215861
0.000799999999998135536 3.39279523571549380 0.000799999999998135536 3.40969717921435578
0.001007140329434719206 4.26526716171747289 0.001007140329434719206 4.27317985844277359
0.001267914553963578328 5.36064677020845970 0.001267914553963578328 5.36338566460258459
0.001596209851982166583 6.73516512541121593 0.001596209851982166583 6.72784388768660335
0.002009509145210586212 8.45888219734683489 0.002009509145210586212 8.43363302767088463
0.002529822128138903281 10.61891589964256610 0.002529822128138903281 10.56328626246846270
0.003184857364445292660 13.32332795631085887 0.003184857364445292660 13.21788624882359997
0.004009497869020606231 16.70577689729792681 0.004009497869020606231 16.52053286550642497
0.005047658755842121536 20.93099894997220645 0.005047658755842121536 20.62009481089749841
0.006354625877804664924 26.20118574125627831 0.006354625877804664924 25.69506426087754747
0.008000000000009777068 32.76323579327733171 0.008000000000009777068 31.95717816455478300
0.010071403294347192059 40.91679302618545222 0.010071403294347192059 39.65428717734717168
0.012679145539692626699 51.02280913012592123 0.012679145539692626699 49.07155651656628237
0.015962098519750611558 63.51211976310219853 0.015962098519750611558 60.52983352845990339
0.020095091452091651263 78.89323272109761831 0.020095091452091651263 74.37955034038917290
0.025298221281346400247 97.75806388546574510 0.025298221281346400247 90.98782117686634763
0.031848573644282396344 120.78373794131952934 0.031848573644282396344 110.71589298279099012
0.040094978690191851456 148.72787751780535359 0.040094978690191851456 133.88355219422365394
0.050476587558421215363 182.41393015274763911 0.050476587558421215363 160.71988601330716051
0.063546258777947173257 222.70367787477127308 0.063546258777947173257 191.29363087517211284
0.079999999999998294697 270.45036695733011811 0.079999999999998294697 225.42883092726020777
0.100714032943542974863 326.43224865189455386 0.100714032943542974863 262.61683399087667112
0.126791455396897845276 391.26507026275345424 0.126791455396897845276 301.92105147160742717
0.159620985197506115583 465.29171135944312709 0.159620985197506115583 341.93570834689035109
0.200950914520774404082 548.47573459620878111 0.200950914520774404082 380.79658224546960810
0.252982212813464002465 640.29620918296654963 0.252982212813464002465 416.31763897988162171
0.318485736442795541734 739.70458101901590453 0.318485736442795541734 446.24904972878795206
0.400949786901819038576 845.13885956555327539 0.400949786901819038576 468.64567502774593777
0.504765875584169521062 954.65061735718438740 0.504765875584169521062 482.28492860687242683
0.635462587779443310865 1066.11167435363381628 0.635462587779443310865 486.96535658137366909
0.799999999999997157829 1177.47798182846304371 0.799999999999997157829 483.59975708146771467
1.007140329435330272645 1287.03774354120423595 1.007140329435330272645 474.03836383805401056
1.267914553968893187630 1393.59167286703836908 1.267914553968893187630 460.65848750695761282
1.596209851975103788391 1496.50972709492634749 1.596209851975103788391 445.85008675526415800
2.009509145207687197399 1595.67242843320582324 2.009509145207687197399 431.61910940335121722
2.529822128134711078928 1691.34333042850312268 2.529822128134711078928 419.34089729827616111
3.184857364427983839050 1783.99619878589510336 3.184857364427983839050 409.71091490755344466
4.009497869018190385759 1874.16470188577977751 4.009497869018190385759 402.85193587169470675
5.009497869018190385759 1959.44757596511931297 5.009497869018190385759 398.56373157021965881
6.009497869018190385759 2027.98239490175092214 6.009497869018190385759 396.50478084035398751
7.009497869018204596614 2085.20261030665869839 7.009497869018204596614 395.56243207439297294
8.009497869018190385759 2134.24147074729899032 8.009497869018190385759 395.32517990461838053
9.009497869018204596614 2177.11281176622151179 9.009497869018204596614 395.39811749647185479
10.009497869018190385759 2215.10119849152169991 10.009497869018190385759 395.49728661817829334
11.009497869018190385759 2249.20399480317564667 11.009497869018190385759 395.52660698033764675
12.009497869018190385759 2280.04818154488702930 12.009497869018190385759 395.83131370906420443
13.009497869018190385759 2308.17171009338926524 13.009497869018190385759 395.96761203218306946
14.009497869018204596614 2334.03451041004200306 14.009497869018204596614 396.03420543164185119
15.009497869018190385759 2357.89065010236117814 15.009497869018190385759 396.28438664116737300
16.009497869018190385759 2380.00317914672768893 16.009497869018190385759 396.28590723212346347
17.009497869018190385759 2400.62862358634356497 17.009497869018190385759 395.99399496839760104
18.009497869018190385759 2419.89623622795079427 18.009497869018190385759 396.09815449166006829
19.009497869018204596614 2437.92605000973890128 19.009497869018204596614 396.08332070522362756
20.009497869018190385759 2454.87746119689154511 20.009497869018190385759 396.08972014667699568
21.009497869018204596614 2470.92235331635220064 21.009497869018204596614 395.86778822804910760
22.009497869018190385759 2486.10175333022789346 22.009497869018190385759 395.76564930793426811
23.009497869018190385759 2500.47562057064760666 23.009497869018190385759 396.32436330079286790
24.009497869018190385759 2514.08737821858494499 24.009497869018190385759 396.39331976559867599
25.009497869018190385759 2527.03460200361314492 25.009497869018190385759 396.38274176592869935
26.009497869018204596614 2539.43285676646291904 26.009497869018204596614 396.57970936500157677
27.009497869018190385759 2551.29524258236506284 27.009497869018190385759 396.45891787836643516
28.009497869018190385759 2562.63087680016360537 28.009497869018190385759 396.59986957334706403
29.009497869018190385759 2573.47400584723754946 29.009497869018190385759 397.05706461948778951
30.009497869018190385759 2583.83995932647030713 30.009497869018190385759 397.08213885703628421
31.009497869018190385759 2593.78171281297318274 31.009497869018190385759 396.93690403600442096
32.009497869018190385759 2603.35510828454653165 32.009497869018190385759 396.75629511156665785
33.009497869018190385759 2612.58675744065294566 33.009497869018190385759 396.59642941021849083
34.009497869018190385759 2621.47737003494376040 34.009497869018190385759 396.28395730181830459
35.009497869018190385759 2630.03395151259019258 35.009497869018190385759 396.20905996825757711
36.009497869018190385759 2638.27883543622328943 36.009497869018190385759 396.19809592800737619
37.009497869018190385759 2646.22471386474353494 37.009497869018190385759 396.04998151048533828
38.009497869018190385759 2653.88079684302874739 38.009497869018190385759 395.69918778844561302
39.009497869018190385759 2661.27846292756203184 39.009497869018190385759 395.14699595701983981
40.009497869018190385759 2668.44289905475807245 40.009497869018190385759 394.37852047261424104
41.009497869018190385759 2675.39449884004989144 41.009497869018190385759 393.93690089336502069
42.009497869018190385759 2682.12731940550793297 42.009497869018190385759 393.10490576960671660
43.009497869018190385759 2688.64609702171674144 43.009497869018190385759 392.54913992659447786
44.009497869018218807469 2694.95231460794229861 44.009497869018218807469 392.05439344177540306
46.009497869018190385759 2706.98089604470396807 46.009497869018190385759 390.71116783851266518
48.009497869018190385759 2718.23255531480936042 48.009497869018190385759 389.33841631389003624
50.009497869018190385759 2728.83449240332447516 50.009497869018190385759 388.12774402047745070
52.009497869018190385759 2738.89221237726906111 52.009497869018190385759 387.27374037043495036
54.009497869018190385759 2748.42263945757031252 54.009497869018190385759 386.46407977810167722
56.009497869018190385759 2757.44657357579717427 56.009497869018190385759 386.11033084093293155
58.009497869018218807469 2766.02707991162696999 58.009497869018218807469 385.78964236528378251
60.009497869018190385759 2774.26477130923467485 60.009497869018190385759 385.33650304910554496
62.009497869018190385759 2782.13287983794634783 62.009497869018190385759 384.81861619377576744
64.009497869018190385759 2789.65754261724487151 64.009497869018190385759 384.39694137998793622
66.009497869018190385759 2796.85626650824451644 66.009497869018190385759 383.93211854052839271
68.009497869018190385759 2803.73914765300014551 68.009497869018190385759 382.97455626463488443
70.009497869018190385759 2810.30602544453950031 70.009497869018190385759 382.22973490116373796
72.009497869018218807469 2816.59571938248427614 72.009497869018218807469 380.23930931036107950
74.009497869018190385759 2822.63850328914486454 74.009497869018190385759 378.48716364466429241
76.009497869018190385759 2828.45682969288554887 76.009497869018190385759 377.02523836436216698
78.009497869018190385759 2834.04133012439751838 78.009497869018190385759 375.10680461332981395
80.009497869018190385759 2839.39196691242023007 80.009497869018190385759 373.84279233835832201
82.009497869018218807469 2844.51398303595760808 82.009497869018218807469 372.67809322232477598
84.009497869018190385759 2849.42474163549741206 84.009497869018190385759 371.04330475710816017
86.009497869018190385759 2854.08406109632869629 86.009497869018190385759 369.25027934817137520
88.009497869018190385759 2858.54099093430522771 88.009497869018190385759 368.09773234578113943
91.009497869018218807469 2864.92983992681820382 91.009497869018218807469 367.08815833884591484
94.009497869018190385759 2871.05039331562420557 94.009497869018190385759 366.43436395031710617
97.009497869018190385759 2876.92351169199037031 97.009497869018190385759 366.40938563542670181
99.504748934509109403734 2881.61730154488395783 99.504748934509109403734 357.76593109040396712
nan nan nan nan

