Time Pressure difference Time.1 Pressure.1 difference.1
(hr) (psi) (hr) (psi)
0.000200000000006639311 0.03821029740820812 0.000200000000006639311 0.03051446075599393
0.000399999999999067768 0.07628581606531572 0.000399999999999067768 0.07934858013818324
0.000600000000005707079 0.11424998178196188 0.000600000000005707079 0.11585177474725078
0.000799999999998135536 0.15211362655254648 0.000799999999998135536 0.15287141349304129
0.001007140329434719206 0.19123030159746957 0.001007140329434719206 0.19158506187950061
0.001267914553963578328 0.24034088833293285 0.001267914553963578328 0.24046368476775717
0.001596209851982166583 0.30196646761102919 0.001596209851982166583 0.30163822498399978
0.002009509145210586212 0.37924812970560862 0.002009509145210586212 0.37811610065580969
0.002529822128138903281 0.47609174598787324 0.002529822128138903281 0.47359762970131514
0.003184857364445292660 0.59734218907436598 0.003184857364445292660 0.59261478308565851
0.004009497869020606231 0.74899194666248015 0.004009497869020606231 0.74068665868742256
0.005047658755842121536 0.93842685350752586 0.005047658755842121536 0.92448768158019978
0.006354625877804664924 1.17471203128439439 0.006354625877804664924 1.15202042495162504
0.008000000000009777068 1.46891700437695660 0.008000000000009777068 1.43277796839134530
0.010071403294347192059 1.83447610058921140 0.010071403294347192059 1.77787252452043854
0.012679145539692626699 2.28757233916743896 0.012679145539692626699 2.20008927852051528
0.015962098519750611558 2.84752193869658976 0.015962098519750611558 2.71381319913173069
0.020095091452091651263 3.53712349431821682 0.020095091452091651263 3.33475566828255587
0.025298221281346400247 4.38291514496240175 0.025298221281346400247 4.07937599818309149
0.031848573644282396344 5.41525530731062155 0.031848573644282396344 4.96387044562220847
0.040094978690191851456 6.66811146765988916 0.040094978690191851456 6.00257641416597298
0.050476587558421215363 8.17840232653644428 0.050476587558421215363 7.20576486999232912
0.063546258777947173257 9.98476528483380221 0.063546258777947173257 8.57651756360420769
0.079999999999998294697 12.12545504876918656 0.079999999999998294697 10.10694563611498076
0.100714032943542974863 14.63536397464634398 0.100714032943542974863 11.77424401908413820
0.126791455396897845276 17.54209866675113005 0.126791455396897845276 13.53642141100774055
0.159620985197506115583 20.86103189330836827 0.159620985197506115583 15.33045086155648740
0.200950914520774404082 24.59053001113606385 0.200950914520774404082 17.07275125077153888
0.252982212813464002465 28.70723744874898742 0.252982212813464002465 18.66531324861067631
0.318485736442795541734 33.16414300864983744 0.318485736442795541734 20.00726733676827251
0.400949786901819038576 37.89121592594098331 0.400949786901819038576 21.01140453340771330
0.504765875584169521062 42.80109980353848442 0.504765875584169521062 21.62291102915802199
0.635462587779443310865 47.79837916205376303 0.635462587779443310865 21.83275477850213164
0.799999999999997157829 52.79141049133460228 0.799999999999997157829 21.68186045394494599
1.007140329435330272645 57.70344659151597710 1.007140329435330272645 21.25318200443517114
1.267914553968893187630 62.48071827668982792 1.267914553968893187630 20.65330450810921192
1.596209851975103788391 67.09497801790118388 1.596209851975103788391 19.98938010793581910
2.009509145207687197399 71.54086911104042201 2.009509145207687197399 19.35134408631009251
2.529822128134711078928 75.83020779698941283 2.529822128134711078928 18.80085894319756790
3.184857364427983839050 79.98423503328574213 3.184857364427983839050 18.36910534673241457
4.009497869018190385759 84.02687747246186234 4.009497869018190385759 18.06158776812666034
5.009497869018190385759 87.85047611539519608 5.009497869018190385759 17.86932909574084150
6.009497869018190385759 90.92318729579000092 6.009497869018190385759 17.77701746457727694
7.009497869018204596614 93.48861605663381624 7.009497869018204596614 17.73476790976810591
8.009497869018190385759 95.68723942921612036 8.009497869018190385759 17.72413087291661071
9.009497869018204596614 97.60934633649728198 9.009497869018204596614 17.72740097937398218
10.009497869018190385759 99.31252936706627565 10.009497869018190385759 17.73184715831988356
11.009497869018190385759 100.84150464029832506 11.009497869018190385759 17.73316171646738226
12.009497869018190385759 102.22438240844522284 12.009497869018190385759 17.74682303179040233
13.009497869018190385759 103.48528134921629373 13.009497869018190385759 17.75293387278793489
14.009497869018204596614 104.64482210415393126 14.009497869018204596614 17.75591954176951504
15.009497869018190385759 105.71439561862436562 15.009497869018190385759 17.76713624317124385
16.009497869018190385759 106.70579555628602009 16.009497869018190385759 17.76720441781450432
17.009497869018190385759 107.63052308476781604 17.009497869018190385759 17.75411673347591446
18.009497869018190385759 108.49437316421611399 18.009497869018190385759 17.75878665362218456
19.009497869018204596614 109.30272738835085988 19.009497869018204596614 17.75812159107240262
20.009497869018190385759 110.06273217841813050 20.009497869018190385759 17.75840850560150130
21.009497869018204596614 110.78209381340370498 21.009497869018204596614 17.74845834160844049
22.009497869018190385759 111.46265170876263539 22.009497869018190385759 17.74387901380601917
23.009497869018190385759 112.10709409965866712 23.009497869018190385759 17.76892856904139961
24.009497869018190385759 112.71736783436152507 24.009497869018190385759 17.77202018442255138
25.009497869018190385759 113.29784765318345308 25.009497869018190385759 17.77154592712740921
26.009497869018204596614 113.85371482578683811 26.009497869018204596614 17.78037683312872375
27.009497869018190385759 114.38555668497933482 27.009497869018190385759 17.77496123041409248
28.009497869018190385759 114.89378200078704140 28.009497869018190385759 17.78128070211887390
29.009497869018190385759 115.37992618808276291 29.009497869018190385759 17.80177872563005792
30.009497869018190385759 115.84467653900352957 30.009497869018190385759 17.80290291171897366
31.009497869018190385759 116.29040817679997133 31.009497869018190385759 17.79639140902164129
32.009497869018190385759 116.71962473790364356 32.009497869018190385759 17.78829393287725935
33.009497869018190385759 117.13351933944446159 33.009497869018190385759 17.78112646478562553
34.009497869018190385759 117.53212380273626536 34.009497869018190385759 17.76711699403863776
35.009497869018190385759 117.91575221206545621 35.009497869018190385759 17.76375902391798078
36.009497869018190385759 118.28540587725755984 36.009497869018190385759 17.76326745876056634
37.009497869018190385759 118.64165383799044662 37.009497869018190385759 17.75662685134729557
38.009497869018190385759 118.98490902025274352 38.009497869018190385759 17.74089925757163755
39.009497869018190385759 119.31657825991018740 39.009497869018190385759 17.71614211893071555
40.009497869018190385759 119.63779079582735676 40.009497869018190385759 17.68168805237841568
41.009497869018190385759 119.94946096163965876 41.009497869018190385759 17.66188834414696984
42.009497869018190385759 120.25132231252766246 42.009497869018190385759 17.62458641852037644
43.009497869018190385759 120.54358719590543103 43.009497869018190385759 17.59966904154322265
44.009497869018218807469 120.82632209743211149 44.009497869018218807469 17.57748742526478125
46.009497869018190385759 121.36561522227717091 46.009497869018190385759 17.51726483486509167
48.009497869018190385759 121.87007557941639391 48.009497869018190385759 17.45571847021339096
50.009497869018190385759 122.34540609215683560 50.009497869018190385759 17.40143881573290940
52.009497869018190385759 122.79633700716802025 52.009497869018190385759 17.36315015306043463
54.009497869018190385759 123.22362711018345749 54.009497869018190385759 17.32684958069461700
56.009497869018190385759 123.62820895174141356 56.009497869018190385759 17.31098949189367886
58.009497869018218807469 124.01291001553103399 58.009497869018218807469 17.29661164600687329
60.009497869018190385759 124.38224120879608847 60.009497869018190385759 17.27629545834195923
62.009497869018190385759 124.73500240988845178 62.009497869018190385759 17.25307635956499652
64.009497869018190385759 125.07236545847295872 64.009497869018190385759 17.23417086109107998
66.009497869018190385759 125.39511526255287777 66.009497869018190385759 17.21333085074493496
68.009497869018190385759 125.70370447567054839 68.009497869018190385759 17.17039920874581327
70.009497869018190385759 125.99812589712358601 70.009497869018190385759 17.13700565833677913
72.009497869018218807469 126.28011997231409680 72.009497869018218807469 17.04776630436316509
74.009497869018190385759 126.55104400711564949 74.009497869018190385759 16.96921006594011416
76.009497869018190385759 126.81190464510014237 76.009497869018190385759 16.90366565766145968
78.009497869018190385759 127.06228185742912729 78.009497869018190385759 16.81765400800503940
80.009497869018190385759 127.30217395513773226 80.009497869018190385759 16.76098289236304240
82.009497869018218807469 127.53181600356145964 82.009497869018218807469 16.70876441347655117
84.009497869018190385759 127.75198646708857098 84.009497869018190385759 16.63546980392492713
86.009497869018190385759 127.96088383082955886 86.009497869018190385759 16.55508075050280681
88.009497869018190385759 128.16070719588503835 88.009497869018190385759 16.50340710322215543
91.009497869018218807469 128.44714681933101019 91.009497869018218807469 16.45814355125429884
94.009497869018190385759 128.72155759504749994 94.009497869018190385759 16.42883113227542680
97.009497869018190385759 128.98487479320814941 97.009497869018190385759 16.42771124681250328
99.504748934509109403734 129.19531761312344997 99.504748934509109403734 16.04018794362434974
nan nan nan nan

