Time Pressure difference Time.1 Pressure.1 difference.1
(hr) (psi) (hr) (psi)
0.000200000000006639311 0.58585986234958332 0.000200000000006639311 0.46265014601779253
0.000399999999999067768 1.06337175418289687 0.000399999999999067768 0.91516190619298676
0.000600000000005707079 1.48809956636796126 0.000600000000005707079 1.22569900565753809
0.000799999999998135536 1.87707865245351702 0.000799999999998135536 1.50478163992198533
0.001007140329434719206 2.25169839576038378 0.001007140329434719206 1.76846785098833936
0.001267914553963578328 2.69147976805980393 0.001267914553963578328 2.07122408998873597
0.001596209851982166583 3.20551991999739183 0.001596209851982166583 2.41542586517271252
0.002009509145224797066 3.80380626277839706 0.002009509145224797066 2.80509051548613497
0.002529822128138903281 4.49728521053056518 0.002529822128138903281 3.24457757569481231
0.003184857364431081805 5.29795069328542567 0.003184857364431081805 3.73868544676754988
0.004009497869020606231 6.21895728090399746 0.004009497869020606231 4.29276733696628110
0.005047658755842121536 7.27476189637565174 0.005047658755842121536 4.91286217473964992
0.006354625877790454069 8.48129695575209297 0.006354625877790454069 5.60583559043393898
0.008000000000009777068 9.85617662239497783 0.008000000000009777068 6.37952668419208013
0.010071403294347192059 11.41893699466176137 0.010071403294347192059 7.24289774254038399
0.012679145539706837553 13.19131054321778329 0.012679145539706837553 8.20618428139313494
0.015962098519750611558 15.19753431744144656 0.015962098519750611558 9.28103846044604985
0.020095091452091651263 17.46468890642897165 0.020095091452091651263 10.48065347273774783
0.025298221281360611101 20.02306178588075625 0.025298221281360611101 11.81987376106213183
0.031848573644296607199 22.90653401935090372 0.031848573644296607199 13.31536322539900041
0.040094978690177640601 26.15301681516998755 0.040094978690177640601 14.98596740807767524
0.050476587558421215363 29.80499899489893778 0.050476587558421215363 16.85327409575382873
0.063546258777961384112 33.91023315514645731 0.063546258777961384112 18.94190306472583885
0.079999999999998294697 38.52240452101694501 0.079999999999998294697 21.27850743356502150
0.100714032943542974863 43.70134075509353266 0.100714032943542974863 23.88856299038966569
0.126791455396897845276 49.51218073135871833 0.126791455396897845276 26.79107962795171005
0.159620985197506115583 56.02312201579157147 0.159620985197506115583 29.99307466158910174
0.200950914520760193227 63.30201176135338414 0.200950914520760193227 33.48650752094135896
0.252982212813478213320 71.41264214842588842 0.252982212813478213320 37.25011148811535833
0.318485736442795541734 80.41213196201992730 0.318485736442795541734 41.25320424659708607
0.400949786901833249431 90.34890906679554234 0.400949786901833249431 45.46801923865420036
0.504765875584155310207 101.26566397805443387 0.504765875584155310207 49.87383070387583217
0.635462587779443310865 113.19910305635124814 0.635462587779443310865 54.46257924958909058
0.799999999999997157829 126.18529470750533505 0.799999999999997157829 59.24700892991664603
1.007140329435344483500 140.26289599386385021 1.007140329435344483500 64.27082478492052076
1.267914553968893187630 155.48273637915198719 1.267914553968893187630 69.55182973669077739
1.596209851975103788391 171.88469722000724005 1.596209851975103788391 75.19403157468677534
2.009509145207672986544 189.55738004972454291 2.009509145207672986544 81.24346601813552127
2.529822128134711078928 208.54913558088571790 2.529822128134711078928 87.80406187996376843
3.184857364427998049905 228.97791660692200821 3.184857364427998049905 95.01983465077404389
4.009497869018190385759 250.93391812914367733 4.009497869018190385759 102.92678332914248074
5.009497869018204596614 273.71727146380715112 5.009497869018204596614 111.27844195907708524
6.009497869018204596614 293.52558734636443205 6.009497869018204596614 118.61012677664440673
7.009497869018204596614 311.12886378569476165 7.009497869018204596614 125.14000593268777095
8.009497869018204596614 327.01033684443513039 8.009497869018204596614 130.99177725248819115
9.009497869018204596614 341.49671334653697841 9.009497869018204596614 136.27432759327390954
10.009497869018190385759 354.82185512408830164 10.009497869018190385759 141.05949303922565718
11.009497869018190385759 367.16058108142294714 11.009497869018190385759 145.37663517917039258
12.009497869018190385759 378.64815438423363503 12.009497869018190385759 149.32019623243024853
13.009497869018190385759 389.39152610983830982 13.009497869018190385759 152.93187588723694148
14.009497869018190385759 399.47835094286557478 14.009497869018190385759 156.24207907062600498
15.009497869018190385759 408.97931500947152017 15.009497869018190385759 159.28713580650449444
16.009497869018204596614 417.95308731455429552 16.009497869018204596614 162.09854268806080313
17.009497869018204596614 426.45113706630911565 17.009497869018204596614 164.70533239318513097
18.009497869018204596614 434.51805933924345027 18.009497869018204596614 167.13855984629572049
19.009497869018204596614 442.19173640579572293 19.009497869018204596614 169.40470586813648879
20.009497869018204596614 449.50642301494951880 20.009497869018204596614 171.51604705885341673
21.009497869018204596614 456.49009437285980084 21.009497869018204596614 173.48246228863388296
22.009497869018190385759 463.16664961044557458 22.009497869018190385759 175.32148547581800813
23.009497869018190385759 469.55801744651824947 23.009497869018190385759 177.03894682891711909
24.009497869018190385759 475.68444990909148373 24.009497869018190385759 178.65431391058331201
25.009497869018190385759 481.56498460485670421 25.009497869018190385759 180.17590668098605988
26.009497869018190385759 487.21636979484219410 26.009497869018190385759 181.61216219384857595
27.009497869018204596614 492.65388661195089526 27.009497869018204596614 182.97395556856770327
28.009497869018190385759 497.89077949828407554 28.009497869018190385759 184.26396461815900807
29.009497869018190385759 502.93891731188114136 29.009497869018190385759 185.47580275671634809
30.009497869018190385759 507.80932264060299985 30.009497869018190385759 186.63592683535611627
31.009497869018190385759 512.51209307676094795 31.009497869018190385759 187.73474353076707644
32.009497869018190385759 517.05652841921664731 32.009497869018190385759 188.77673420901103896
33.009497869018218807469 521.45127684471356133 33.009497869018218807469 189.75894730322494297
34.009497869018190385759 525.70458713510117832 34.009497869018190385759 190.70485931756397235
35.009497869018218807469 529.82382555024662452 35.009497869018218807469 191.60238248738178868
36.009497869018190385759 533.81580375887915579 36.009497869018190385759 192.46715490515595093
37.009497869018218807469 537.68683223959874340 37.009497869018218807469 193.29660754274638634
38.009497869018190385759 541.44291762320870021 38.009497869018190385759 194.09428161668398616
39.009497869018190385759 545.08955712340900845 39.009497869018190385759 194.86376891772437148
40.009497869018190385759 548.63189783879920469 40.009497869018190385759 195.60096646333823855
41.009497869018190385759 552.07487943154023924 41.009497869018190385759 196.31712983110691084
42.009497869018190385759 555.42302685973515963 42.009497869018190385759 196.99480115123105861
43.009497869018190385759 558.68061018928119665 43.009497869018190385759 197.66167108399568519
44.009497869018218807469 561.85174206136878183 44.009497869018218807469 198.28003576322402068
46.009497869018218807469 567.94992380028679690 46.009497869018218807469 199.46080991285458595
48.009497869018218807469 573.74381702536140892 48.009497869018218807469 200.54503496032677390
50.009497869018218807469 579.25430884313504976 50.009497869018218807469 201.48083354232980469
52.009497869018190385759 584.50222708013836836 52.009497869018190385759 202.31145594353378669
54.009497869018190385759 589.50738722806852365 54.009497869018190385759 203.05412858230118900
56.009497869018190385759 594.28549158316457124 56.009497869018190385759 203.71183491541810895
58.009497869018190385759 598.85007944056155793 58.009497869018190385759 204.28815173385035564
60.009497869018190385759 603.21462661053180909 60.009497869018190385759 204.89116125686814485
62.009497869018190385759 607.39046311622428220 62.009497869018190385759 205.46688837800971328
64.009497869018190385759 611.38946404015359803 64.009497869018190385759 206.01518110474927425
66.009497869018218807469 615.22763998652260398 66.009497869018218807469 206.59430554759714482
68.009497869018218807469 618.91885125654835065 68.009497869018218807469 207.17513757835851607
70.009497869018218807469 622.47133384539461076 70.009497869018218807469 207.65439566977914865
72.009497869018218807469 625.89369942710368377 72.009497869018218807469 207.98155373950447711
74.009497869018190385759 629.19393354439455379 74.009497869018190385759 208.27804584415724776
76.009497869018190385759 632.37846904334685405 76.009497869018190385759 208.53646836519416752
78.009497869018190385759 635.45556374495367891 78.009497869018190385759 208.85405246060045670
80.009497869018190385759 638.43032818732115174 80.009497869018190385759 209.01222119445907310
82.009497869018190385759 641.30268039081465758 82.009497869018190385759 209.22611406916655596
84.009497869018190385759 644.07392170847901980 84.009497869018190385759 209.39374740895209470
86.009497869018190385759 646.74634589923198291 86.009497869018190385759 209.34970257240524916
88.009497869018218807469 649.32666391086547719 88.009497869018218807469 209.37102936929935026
91.009497869018190385759 653.03053391793025639 91.009497869018190385759 209.29064578149095155
94.009497869018218807469 656.54758814979174986 94.009497869018218807469 209.36053599709157425
97.009497869018190385759 659.90317218142479305 97.009497869018190385759 209.68100777344017160
99.504748934509109403734 662.58931176435839916 99.504748934509109403734 209.83863025585995388
nan nan nan nan

