Time Pressure difference Time.1 Pressure.1 difference.1
(hr) (psi) (hr) (psi)
0.000200000000006639311 0.32307981574857841 0.000200000000006639311 0.25513426253852262
0.000399999999999067768 0.58640977560031904 0.000399999999999067768 0.50467758423860265
0.000600000000005707079 0.82063128849544131 0.000600000000005707079 0.67592718730193602
0.000799999999998135536 1.03513871516667399 0.000799999999998135536 0.82983082851602441
0.001007140329434719206 1.24172750102062346 0.001007140329434719206 0.97524391782563891
0.001267914553963578328 1.48425048964511408 0.001267914553963578328 1.14220266717688679
0.001596209851982166583 1.76772441958686066 0.001596209851982166583 1.33201708057736790
0.002009509145224797066 2.09765697481495561 0.002009509145224797066 1.54690257029517086
0.002529822128138903281 2.48008469356452643 0.002529822128138903281 1.78926325680244802
0.003184857364431081805 2.92162177993746708 0.003184857364431081805 2.06174527887831305
0.004009497869020606231 3.42952248751910593 0.004009497869020606231 2.36730073078638892
0.005047658755842121536 4.01175926896555524 0.005047658755842121536 2.70925985584234175
0.006354625877790454069 4.67711825620565058 0.006354625877790454069 3.09140879255782774
0.008000000000009777068 5.43531300194912603 0.008000000000009777068 3.51807051165088769
0.010071403294347192059 6.29711693421759122 0.010071403294347192059 3.99418737914740563
0.012679145539706837553 7.27451469826419483 0.012679145539706837553 4.52540389948982202
0.015962098519750611558 8.38087212088591116 0.015962098519750611558 5.11814580321456081
0.020095091452091651263 9.63112313474793780 0.020095091452091651263 5.77968864314573594
0.025298221281360611101 11.04197015061029674 0.025298221281360611101 6.51821857462689547
0.031848573644296607199 12.63209730861279567 0.031848573644296607199 7.34292511563173544
0.040094978690177640601 14.42241122310024259 0.040094978690177640601 8.26420087834402572
0.050476587558421215363 16.43634289101143864 0.050476587558421215363 9.29395072019360491
0.063546258777961384112 18.70022608447404622 0.063546258777961384112 10.44575152756820557
0.079999999999998294697 21.24366619848063209 0.079999999999998294697 11.73430149911657061
0.100714032943542974863 24.09965595270055161 0.100714032943542974863 13.17364957974901429
0.126791455396897845276 27.30411700136683351 0.126791455396897845276 14.77427901476426975
0.159620985197506115583 30.89465775302048201 0.159620985197506115583 16.54005959127719905
0.200950914520760193227 34.90869337652098636 0.200950914520760193227 18.46655723527535287
0.252982212813478213320 39.38140287491741987 0.252982212813478213320 20.54204414675050572
0.318485736442795541734 44.34428512315075466 0.318485736442795541734 22.74960017499232379
0.400949786901833249431 49.82404627843871481 0.400949786901833249431 25.07391310127301054
0.504765875584155310207 55.84422856427920578 0.504765875584155310207 27.50355344341581798
0.635462587779443310865 62.42507416650357044 0.635462587779443310865 30.03407674760655155
0.799999999999997157829 69.58647346275212442 0.799999999999997157829 32.67251088334515430
1.007140329435344483500 77.34974437798126701 1.007140329435344483500 35.44295754661380471
1.267914553968893187630 85.74291746152584892 1.267914553968893187630 38.35523438350553249
1.596209851975103788391 94.78798579088154952 1.596209851975103788391 41.46669780229206026
2.009509145207672986544 104.53380979990225796 2.009509145207672986544 44.80273478139867649
2.529822128134711078928 115.00705309931834108 2.529822128134711078928 48.42065817649140058
3.184857364427998049905 126.27276224585403952 3.184857364427998049905 52.39988714760995947
4.009497869018190385759 138.38067641141293507 4.009497869018190385759 56.76027379689438845
5.009497869018204596614 150.94484417668238052 5.009497869018204596614 61.36590136204792856
6.009497869018204596614 161.86838998840681825 6.009497869018204596614 65.40905149437919874
7.009497869018204596614 171.57593896740914374 7.009497869018204596614 69.01003577436409842
8.009497869018204596614 180.33397773978063583 8.009497869018204596614 72.23706892905362054
9.009497869018204596614 188.32267290724519171 9.009497869018204596614 75.15019799022364566
10.009497869018190385759 195.67099052888511324 10.009497869018190385759 77.78903787320246010
11.009497869018190385759 202.47533669603927819 11.009497869018190385759 80.16978039674727086
12.009497869018190385759 208.81030398870521481 12.009497869018190385759 82.34450691474212647
13.009497869018190385759 214.73487192839405679 13.009497869018190385759 84.33621324659112872
14.009497869018190385759 220.29737879731158046 14.009497869018190385759 86.16166657307545051
15.009497869018190385759 225.53680535191872991 15.009497869018190385759 87.84090154443204312
16.009497869018204596614 230.48550535548011453 16.009497869018204596614 89.39128735452105445
17.009497869018204596614 235.17186215249333259 17.009497869018204596614 90.82883444001217299
18.009497869018204596614 239.62046825966947949 18.009497869018204596614 92.17066843094747242
19.009497869018204596614 243.85221433429040871 19.009497869018204596614 93.42036325772640737
20.009497869018204596614 247.88599059004260994 20.009497869018204596614 94.58468900645330280
21.009497869018204596614 251.73722430746005330 21.009497869018204596614 95.66909350478293561
22.009497869018190385759 255.41909496394018220 22.009497869018190385759 96.68324605329507904
23.009497869018190385759 258.94369542825330655 23.009497869018190385759 97.63036179406155668
24.009497869018190385759 262.32219393686631292 24.009497869018190385759 98.52117636022414615
25.009497869018190385759 265.56508901827959335 25.009497869018190385759 99.36027789883195283
26.009497869018190385759 268.68161671243188948 26.009497869018190385759 100.15231912965212757
27.009497869018204596614 271.68020399293931177 27.009497869018204596614 100.90329727454059139
28.009497869018190385759 274.56815467456840452 28.009497869018190385759 101.61468904728377538
29.009497869018190385759 277.35201398889222446 29.009497869018190385759 102.28297248447304924
30.009497869018190385759 280.03786048111260243 30.009497869018190385759 102.92273755059183316
31.009497869018190385759 282.63126259596020873 31.009497869018190385759 103.52869388641434512
32.009497869018190385759 285.13734882489842448 32.009497869018190385759 104.10331279781864566
33.009497869018218807469 287.56088831414859897 33.009497869018218807469 104.64496660600380551
34.009497869018190385759 289.90642995857689357 34.009497869018190385759 105.16660172550385255
35.009497869018218807469 292.17803597516314085 35.009497869018218807469 105.66155220593427089
36.009497869018190385759 294.37946274460398399 36.009497869018190385759 106.13844187077397407
37.009497869018218807469 296.51419025997381596 37.009497869018218807469 106.59585399702916675
38.009497869018190385759 298.58553095364374030 38.009497869018190385759 107.03574143325261048
39.009497869018190385759 300.59651633349426447 39.009497869018190385759 107.46008491779166150
40.009497869018190385759 302.54998483201387671 40.009497869018190385759 107.86662180914319720
41.009497869018190385759 304.44866048824917470 41.009497869018190385759 108.26155913763101069
42.009497869018190385759 306.29503864745959163 42.009497869018190385759 108.63526954060304774
43.009497869018190385759 308.09147409138040530 43.009497869018190385759 109.00302338218180864
44.009497869018218807469 309.84023478790544459 44.009497869018218807469 109.34402838947023895
46.009497869018218807469 313.20315407838131705 46.009497869018218807469 109.99518119787973092
48.009497869018218807469 316.39826962720366055 48.009497869018218807469 110.59309078527229531
50.009497869018218807469 319.43709989290977092 50.009497869018218807469 111.10914872486010552
52.009497869018190385759 322.33113064332655995 52.009497869018190385759 111.56720593202459213
54.009497869018190385759 325.09128938145926213 54.009497869018190385759 111.97676213260163536
56.009497869018190385759 327.72623533676136276 56.009497869018190385759 112.33946259149276159
58.009497869018190385759 330.24343492442665138 58.009497869018190385759 112.65727977522192305
60.009497869018190385759 332.65031955011994569 60.009497869018190385759 112.98981698780701777
62.009497869018190385759 334.95313729811283565 62.009497869018190385759 113.30730897552213321
64.009497869018190385759 337.15843683254411189 64.009497869018190385759 113.60967192017049854
66.009497869018218807469 339.27504740318522636 66.009497869018218807469 113.92903740382116951
68.009497869018218807469 341.31061244808569199 68.009497869018218807469 114.24934455837971825
70.009497869018218807469 343.26967381073217211 70.009497869018218807469 114.51363748203422688
72.009497869018218807469 345.15698050747107573 72.009497869018218807469 114.69405292893584658
74.009497869018190385759 346.97693626662709221 74.009497869018190385759 114.85755724233591479
76.009497869018190385759 348.73308856236565134 76.009497869018190385759 115.00006760334109401
78.009497869018190385759 350.42999127430272210 78.009497869018190385759 115.17520336126287361
80.009497869018190385759 352.07046267318145283 80.009497869018190385759 115.26242750593679887
82.009497869018190385759 353.65445755029753627 82.009497869018190385759 115.38038143142553338
84.009497869018190385759 355.18269355321325520 84.009497869018190385759 115.47282495249903889
86.009497869018190385759 356.65643560423524150 86.009497869018190385759 115.44853587145641427
88.009497869018218807469 358.07938454022809083 88.009497869018218807469 115.46029680278805074
91.009497869018190385759 360.12193040544588030 91.009497869018190385759 115.41596825869869747
94.009497869018218807469 362.06145435346053318 94.009497869018218807469 115.45451010023795391
97.009497869018190385759 363.91193352150077089 97.009497869018190385759 115.63123830626332733
99.504748934509109403734 365.39323909865487394 99.504748934509109403734 115.71816121368659935
nan nan nan nan

