Time Pressure difference Time.1 Pressure.1 difference.1
(hr) (psi) (hr) (psi)
0.000200000000006639311 0.49128443494970475 0.000200000000006639311 0.38796447780906979
0.000399999999999067768 0.89171152517612362 0.000399999999999067768 0.76742721061037023
0.000600000000005707079 1.24787547602253746 0.000600000000005707079 1.02783426909960407
0.000799999999998135536 1.57406162188409771 0.000799999999998135536 1.26186456045462281
0.001007140329434719206 1.88820645538303045 0.001007140329434719206 1.48298387504330953
0.001267914553963578328 2.25699386834050753 0.001267914553963578328 1.73686613830041336
0.001596209851982166583 2.68805245728925390 0.001596209851982166583 2.02550337989564433
0.002009509145224797066 3.18975736445339075 0.002009509145224797066 2.35226441927006302
0.002529822128138903281 3.77128792302346394 0.002529822128138903281 2.72080503097268123
0.003184857364431081805 4.44270188147661926 0.003184857364431081805 3.13514900953205133
0.004009497869020606231 5.21503026589349350 0.004009497869020606231 3.59978539416240695
0.005047658755842121536 6.10039621646235641 0.005047658755842121536 4.11977824837322704
0.006354625877790454069 7.11216017741291395 0.006354625877790454069 4.70088488298577367
0.008000000000009777068 8.26509285561615670 0.008000000000009777068 5.34967893127266514
0.010071403294347192059 9.57557663474344878 0.010071403294347192059 6.07367589677817676
0.012679145539706837553 11.06183571013062306 0.012679145539706837553 6.88145897486271529
0.015962098519750611558 12.74419454138643459 0.015962098519750611558 7.78279931569365413
0.020095091452091651263 14.64536209488193030 0.020095091452091651263 8.78876033358506703
0.025298221281360611101 16.79073653550563705 0.025298221281360611101 9.91179013116152774
0.031848573644296607199 19.20872950268429236 0.031848573644296607199 11.16586255304314790
0.040094978690177640601 21.93113219386952295 0.040094978690177640601 12.56678090341508103
0.050476587558421215363 24.99357445509401643 0.050476587558421215363 14.13264804996041413
0.063546258777961384112 28.43610017560493475 0.063546258777961384112 15.88410939555557988
0.079999999999998294697 32.30372816822006143 0.079999999999998294697 17.84351544266449352
0.100714032943542974863 36.64662810882165900 0.100714032943542974863 20.03222941989339390
0.126791455396897845276 41.51942349520221853 0.126791455396897845276 22.46619245074174032
0.159620985197506115583 46.97930275213723661 0.159620985197506115583 25.15128904449617053
0.200950914520760193227 53.08316045859969279 0.200950914520760193227 28.08077662102774852
0.252982212813478213320 59.88449081568974464 0.252982212813478213320 31.23682155124732773
0.318485736442795541734 67.43119191614673014 0.318485736442795541734 34.59369456865237424
0.400949786901833249431 75.76387390866712224 0.400949786901833249431 38.12811147423439451
0.504765875584155310207 84.91833577357976992 0.504765875584155310207 41.82269226955568797
0.635462587779443310865 94.92535835928046595 0.635462587779443310865 45.67067859066300883
0.799999999999997157829 105.81518754453860254 0.799999999999997157829 49.68275721750323015
1.007140329435344483500 117.62023997751964544 1.007140329435344483500 53.89557788031255114
1.267914553968893187630 130.38313971556192428 1.267914553968893187630 58.32406957334632125
1.596209851975103788391 144.13733006314799923 1.596209851975103788391 63.05545009621621233
2.009509145207672986544 158.95710959749379754 2.009509145207672986544 68.12832361650799839
2.529822128134711078928 174.88302376988681885 2.529822128134711078928 73.62984170649184534
3.184857364427998049905 192.01398424025745726 3.184857364427998049905 79.68077141895895465
4.009497869018190385759 210.42562582010532424 4.009497869018190385759 86.31130042985512318
5.009497869018204596614 229.53105971071150293 5.009497869018204596614 93.31474981183713169
6.009497869018204596614 246.14171679965991757 6.009497869018204596614 99.46287987553930066
7.009497869018204596614 260.90329422549046967 7.009497869018204596614 104.93863986121378673
8.009497869018204596614 274.22101919565852768 8.009497869018204596614 109.84575903946463882
9.009497869018204596614 286.36885821258897522 9.009497869018204596614 114.27554664918093863
10.009497869018190385759 297.54292076494510866 10.009497869018190385759 118.28824226691295962
11.009497869018190385759 307.88980472049979653 11.009497869018190385759 121.90846763670410269
12.009497869018190385759 317.52293769598793460 12.009497869018190385759 125.21541915915599930
13.009497869018190385759 326.53200564356973246 13.009497869018190385759 128.24406493685958708
14.009497869018190385759 334.99051314168792715 14.009497869018190385759 131.01990162585539679
15.009497869018190385759 342.95773544672908884 15.009497869018190385759 133.57339448996148690
16.009497869018204596614 350.48287061913868001 16.009497869018204596614 135.93095562357427752
17.009497869018204596614 357.60907918669909122 17.009497869018204596614 138.11693095593207659
18.009497869018204596614 364.37375723572523611 18.009497869018204596614 140.15736221130322292
19.009497869018204596614 370.80867169890126434 19.009497869018204596614 142.05768401076667828
20.009497869018204596614 376.94254757699997072 20.009497869018204596614 143.82819114144373884
21.009497869018204596614 382.79884403531252701 21.009497869018204596614 145.47716772633003757
22.009497869018190385759 388.39760216520568292 22.009497869018190385759 147.01931718123850601
23.009497869018190385759 393.75721072979968085 23.009497869018190385759 148.45952854342564819
24.009497869018190385759 398.89465246981239943 24.009497869018190385759 149.81412672458446877
25.009497869018190385759 403.82589174881809413 25.009497869018190385759 151.09008859272287850
26.009497869018190385759 408.56497315407136739 26.009497869018190385759 152.29448920697592484
27.009497869018204596614 413.12471098336942532 27.009497869018204596614 153.43644811492023905
28.009497869018190385759 417.51621162694675604 28.009497869018190385759 154.51821084989714450
29.009497869018190385759 421.74942795167504528 29.009497869018190385759 155.53442181332445671
30.009497869018190385759 425.83360316774292187 30.009497869018190385759 156.50726692368974113
31.009497869018190385759 429.77720481193171054 31.009497869018190385759 157.42870150900725434
32.009497869018190385759 433.58803141546439974 32.009497869018190385759 158.30248350788139078
33.009497869018218807469 437.27333507888215536 33.009497869018218807469 159.12613782523956729
34.009497869018190385759 440.84003298219744238 34.009497869018190385759 159.91935115037327364
35.009497869018218807469 444.29430224906923286 35.009497869018218807469 160.67198704792363628
36.009497869018190385759 447.64185493973184293 36.009497869018190385759 161.39715915123585432
37.009497869018218807469 450.88798283147292523 37.009497869018218807469 162.09271315068875197
38.009497869018190385759 454.03772290396909739 38.009497869018190385759 162.76161860380651092
39.009497869018190385759 457.09568495505811825 39.009497869018190385759 163.40688747813507575
40.009497869018190385759 460.06618518659871597 40.009497869018190385759 164.02507913610381252
41.009497869018190385759 462.95336585050068834 41.009497869018190385759 164.62563216606363881
42.009497869018190385759 465.76102144034126695 42.009497869018190385759 165.19390692421760036
43.009497869018190385759 468.49273270477095821 43.009497869018190385759 165.75312396426073747
44.009497869018218807469 471.15194838082277329 44.009497869018218807469 166.27166595962663109
46.009497869018218807469 476.26569991486667277 46.009497869018218807469 167.26182759756170526
48.009497869018218807469 481.12428426612109433 48.009497869018218807469 168.17102606640619911
50.009497869018218807469 485.74521673302979252 50.009497869018218807469 168.95575857179122181
52.009497869018190385759 490.14596290360464081 52.009497869018190385759 169.65229349977806805
54.009497869018190385759 494.34313945235658139 54.009497869018190385759 170.27507640596004990
56.009497869018190385759 498.34991385197110958 56.009497869018190385759 170.82660912733868486
58.009497869018190385759 502.17763974755644085 58.009497869018190385759 171.30989105308796638
60.009497869018190385759 505.83761754772655195 60.009497869018190385759 171.81555667694033218
62.009497869018190385759 509.33934826864299339 62.009497869018190385759 172.29834410030284175
64.009497869018190385759 512.69278999683524489 64.009497869018190385759 172.75812586682116034
66.009497869018218807469 515.91136874276105573 66.009497869018218807469 173.24376218184201548
68.009497869018218807469 519.00670733756066966 68.009497869018218807469 173.73083042865599168
70.009497869018218807469 521.98571223871658731 70.009497869018218807469 174.13272182926226606
72.009497869018218807469 524.85560493670448068 72.009497869018218807469 174.40706673280223526
74.009497869018190385759 527.62308186713050873 74.009497869018190385759 174.65569608166600801
76.009497869018190385759 530.29353742096475344 76.009497869018190385759 174.87240142433401502
78.009497869018190385759 532.87389635817351063 78.009497869018190385759 175.13871788137029739
80.009497869018190385759 535.36844422208730521 80.009497869018190385759 175.27135341767206000
82.009497869018190385759 537.77711226705366698 82.009497869018190385759 175.45071754012448650
84.009497869018190385759 540.10099176854043890 84.009497869018190385759 175.59128980989049751
86.009497869018190385759 542.34200620368972068 86.009497869018190385759 175.55435513655652358
88.009497869018218807469 544.50578317119175153 88.009497869018218807469 175.57223914608633208
91.009497869018190385759 547.61173700160134103 91.009497869018190385759 175.50483189043768562
94.009497869018218807469 550.56103274966289973 94.009497869018218807469 175.56343972020465571
97.009497869018190385759 553.37492445116231465 97.009497869018190385759 175.83217769950454112
99.504748934509109403734 555.62744020109801113 99.504748934509109403734 175.96435516580240233
nan nan nan nan

