Time Pressure difference Time.1 Pressure.1 difference.1
(hr) (psi) (hr) (psi)
0.000200000000006639311 0.26341478101308458 0.000200000000006639311 0.20801712957463045
0.000399999999999067768 0.47811406065644874 0.000399999999999067768 0.41147582997842846
0.000600000000005707079 0.66908052008960339 0.000600000000005707079 0.55109976960766893
0.000799999999998135536 0.84397360863294635 0.000799999999998135536 0.67658112737554066
0.001007140329434719206 1.01241043796376973 0.001007140329434719206 0.79513993300125763
0.001267914553963578328 1.21014529116448388 0.001267914553963578328 0.93126543591042832
0.001596209851982166583 1.44126843640186109 0.001596209851982166583 1.08602571402673420
0.002009509145224797066 1.71027042150924702 0.002009509145224797066 1.26122704650785034
0.002529822128138903281 2.02207298198286534 0.002529822128138903281 1.45882957087036536
0.003184857364431081805 2.38206883825942795 0.003184857364431081805 1.68099074800491133
0.004009497869020606231 2.79617255858630465 0.004009497869020606231 1.93011749170206581
0.005047658755842121536 3.27088427626857614 0.005047658755842121536 2.20892502981251848
0.006354625877790454069 3.81336753698496045 0.006354625877790454069 2.52050029255697172
0.008000000000009777068 4.43154203498799149 0.008000000000009777068 2.86836790242655848
0.010071403294347192059 5.13419160648389017 0.010071403294347192059 3.25655748987460392
0.012679145539706837553 5.93108762235685827 0.012679145539706837553 3.68967115577264471
0.015962098519750611558 6.83312756418006462 0.015962098519750611558 4.17294795350499559
0.020095091452091651263 7.85248742813436973 0.020095091452091651263 4.71231981710310421
0.025298221281360611101 9.00278509332666665 0.025298221281360611101 5.31446111683725331
0.031848573644296607199 10.29925419071573778 0.031848573644296607199 5.98686428877636612
0.040094978690177640601 11.75894038818585585 0.040094978690177640601 6.73800268077165221
0.050476587558421215363 13.40094754375196118 0.050476587558421215363 7.57758261076688910
0.063546258777961384112 15.24674621818610909 0.063546258777961384112 8.51667364231985147
0.079999999999998294697 17.32047440544098649 0.079999999999998294697 9.56725957197127208
0.100714032943542974863 19.64903186713306127 0.100714032943542974863 10.74079484399968720
0.126791455396897845276 22.26170639600635681 0.126791455396897845276 12.04582670162509217
0.159620985197506115583 25.18916103635265458 0.159620985197506115583 13.48551027579575035
0.200950914520760193227 28.46190127948174720 0.200950914520760193227 15.05623035881978922
0.252982212813478213320 32.10860941668119040 0.252982212813478213320 16.74842499194785717
0.318485736442795541734 36.15496724186161259 0.318485736442795541734 18.54829876742989114
0.400949786901833249431 40.62274893035770162 0.400949786901833249431 20.44336726331689391
0.504765875584155310207 45.53114902588579582 0.504765875584155310207 22.42431174659639481
0.635462587779443310865 50.89667147170722927 0.635462587779443310865 24.48750854667331822
0.799999999999997157829 56.73553337336371527 0.799999999999997157829 26.63868765537963768
1.007140329435344483500 63.06511575022047822 1.007140329435344483500 28.89749976786783847
1.267914553968893187630 69.90827258650928400 1.267914553968893187630 31.27194944824124789
1.596209851975103788391 77.28293536977572842 1.596209851975103788391 33.80880076218311103
2.009509145207672986544 85.22894119245469824 2.009509145207672986544 36.52875232668064598
2.529822128134711078928 93.76802954070159046 2.529822128134711078928 39.47853269792521047
3.184857364427998049905 102.95323444406568569 3.184857364427998049905 42.72289423626352090
4.009497869018190385759 112.82510945134846736 4.009497869018190385759 46.27802284029699820
5.009497869018204596614 123.06897904385695597 5.009497869018204596614 50.03310228929251480
6.009497869018204596614 131.97520991196233808 6.009497869018204596614 53.32958029502430719
7.009497869018204596614 139.89000917775007338 7.009497869018204596614 56.26554979638724063
8.009497869018204596614 147.03064982712956521 8.009497869018204596614 58.89662790875687648
9.009497869018204596614 153.54402604421758838 9.009497869018204596614 61.27177242817840863
10.009497869018190385759 159.53528697345248588 10.009497869018190385759 63.42328235241458145
11.009497869018190385759 165.08303483075897589 11.009497869018190385759 65.36435926257389895
12.009497869018190385759 170.24808674914078210 12.009497869018190385759 67.13746634502550137
13.009497869018190385759 175.07853015772795402 13.009497869018190385759 68.76135264702419647
14.009497869018190385759 179.61377642609883765 14.009497869018190385759 70.24968885624029724
15.009497869018190385759 183.88560750696714763 15.009497869018190385759 71.61880970714989303
16.009497869018204596614 187.92040220535213280 16.009497869018204596614 72.88287672323426136
17.009497869018204596614 191.74130214790713467 17.009497869018204596614 74.05494360040285073
18.009497869018204596614 195.36835820778551920 18.009497869018204596614 75.14897327867033994
19.009497869018204596614 198.81860304269255835 19.009497869018204596614 76.16787966985550895
20.009497869018204596614 202.10743830032942014 20.009497869018204596614 77.11718258875859533
21.009497869018204596614 205.24744221531616972 21.009497869018204596614 78.00132378091340968
22.009497869018190385759 208.24936033405731450 22.009497869018190385759 78.82818686074156744
23.009497869018190385759 211.12305226468586739 23.009497869018190385759 79.60039321126826906
24.009497869018190385759 213.87762374027408896 24.009497869018190385759 80.32669585362087616
25.009497869018190385759 216.52163446480557241 25.009497869018190385759 81.01083561496122343
26.009497869018190385759 219.06261480483152582 26.009497869018190385759 81.65660597014858979
27.009497869018204596614 221.50743547557920010 27.009497869018204596614 82.26889659908516705
28.009497869018190385759 223.86205145372471748 28.009497869018190385759 82.84891150220583711
29.009497869018190385759 226.13179922473528904 29.009497869018190385759 83.39377913763520667
30.009497869018190385759 228.32163477340222357 30.009497869018190385759 83.91539505598350956
31.009497869018190385759 230.43609818727603056 31.009497869018190385759 84.40944589953232935
32.009497869018190385759 232.47937084937692021 32.009497869018190385759 84.87794658368316902
33.009497869018218807469 234.45534115986578172 33.009497869018218807469 85.31957002257676947
34.009497869018190385759 236.36771794265106905 34.009497869018190385759 85.74487174083320440
35.009497869018218807469 238.21981322140015891 35.009497869018218807469 86.14841682802106959
36.009497869018190385759 240.01468966406810068 36.009497869018190385759 86.53723649581768029
37.009497869018218807469 241.75518459310239905 37.009497869018218807469 86.91017565573105230
38.009497869018190385759 243.44399871466043805 38.009497869018190385759 87.26882651237687583
39.009497869018190385759 245.08360369037350779 39.009497869018190385759 87.61480400959437986
40.009497869018190385759 246.67631376284040812 40.009497869018190385759 87.94626336108925102
41.009497869018190385759 248.22434990692218548 41.009497869018190385759 88.26826530867752751
42.009497869018190385759 249.72974663790907357 42.009497869018190385759 88.57296043094353877
43.009497869018190385759 251.19442386625317454 43.009497869018190385759 88.87279902476512916
44.009497869018218807469 252.62023072098375565 44.009497869018218807469 89.15082864760343284
46.009497869018218807469 255.36210008355254786 46.009497869018218807469 89.68172926742650475
48.009497869018218807469 257.96715500056876635 48.009497869018218807469 90.16921940253045875
50.009497869018218807469 260.44478674962192599 50.009497869018218807469 90.58997391123172349
52.009497869018190385759 262.80435995477506594 52.009497869018190385759 90.96343902119883751
54.009497869018190385759 265.05478407329195534 54.009497869018190385759 91.29736008846694517
56.009497869018190385759 267.20311918419639596 56.009497869018190385759 91.59307853726815551
58.009497869018190385759 269.25545283622210491 58.009497869018190385759 91.85220256722416821
60.009497869018190385759 271.21784403398777386 60.009497869018190385759 92.12332819241633786
62.009497869018190385759 273.09538699158508734 62.009497869018190385759 92.38218708220369990
64.009497869018190385759 274.89342099313518020 64.009497869018190385759 92.62871089758498044
66.009497869018218807469 276.61914473933569525 66.009497869018218807469 92.88909729388170433
68.009497869018218807469 278.27879010993234488 68.009497869018218807469 93.15025145722511013
70.009497869018218807469 279.87606017967357275 70.009497869018218807469 93.36573586452692552
72.009497869018218807469 281.41482693634674206 72.009497869018218807469 93.51283293813040132
74.009497869018190385759 282.89868084607121546 74.009497869018190385759 93.64614195593203760
76.009497869018190385759 284.33051425025888648 76.009497869018190385759 93.76233409702663835
78.009497869018190385759 285.71404003700519070 78.009497869018190385759 93.90512651262100974
80.009497869018190385759 287.05155601055071202 80.009497869018190385759 93.97624246554768490
82.009497869018190385759 288.34302531114633439 82.009497869018190385759 94.07241315135874515
84.009497869018190385759 289.58903305419153185 84.009497869018190385759 94.14778458799038674
86.009497869018190385759 290.79061056140983510 86.009497869018190385759 94.12798111326996775
88.009497869018218807469 291.95077521452782321 88.009497869018218807469 94.13757008478789601
91.009497869018190385759 293.61611221662087701 91.009497869018190385759 94.10142795159127616
94.009497869018218807469 295.19745296009057256 94.009497869018218807469 94.13285204636295589
97.009497869018190385759 296.70619334267746581 97.009497869018190385759 94.27694282337776599
99.504748934509109403734 297.91393757552413035 99.504748934509109403734 94.34781317029457171
nan nan nan nan

