Time Pressure difference Time.1 Pressure.1 difference.1
(hr) (psi) (hr) (psi)
0.000200000000006639311 0.11615639741058910 0.000200000000006639311 0.09172803545098161
0.000399999999999067768 0.21083101951838581 0.000399999999999067768 0.18144596840012628
0.000600000000005707079 0.29504032572625882 0.000600000000005707079 0.24301507912820097
0.000799999999998135536 0.37216185633693782 0.000799999999998135536 0.29834782243306973
0.001007140329434719206 0.44643640999366224 0.001007140329434719206 0.35062797045597627
0.001267914553963578328 0.53363033321229048 0.001267914553963578328 0.41065439704002016
0.001596209851982166583 0.63554728641335079 0.001596209851982166583 0.47889808594431893
0.002009509145224797066 0.75416743888239079 0.002009509145224797066 0.55615554099020881
0.002529822128138903281 0.89166109807919114 0.002529822128138903281 0.64329111197416111
0.003184857364431081805 1.05040625879873550 0.003184857364431081805 0.74125616116843074
0.004009497869020606231 1.23301103185853900 0.004009497869020606231 0.85111205055777850
0.005047658755842121536 1.44234174110156488 0.005047658755842121536 0.97405609748359245
0.006354625877790454069 1.68155725124878974 0.006354625877790454069 1.11144952659741159
0.008000000000009777068 1.95414986121157197 0.008000000000009777068 1.26484656902183179
0.010071403294347192059 2.26399292526880025 0.010071403294347192059 1.43602414613747587
0.012679145539706837553 2.61539526479832540 0.012679145539706837553 1.62701161808769612
0.015962098519750611558 3.01316227528904079 0.015962098519750611558 1.84011921805160017
0.020095091452091651263 3.46266313096045675 0.020095091452091651263 2.07796271452980275
0.025298221281360611101 3.96990282428621644 0.025298221281360611101 2.34348526356919828
0.031848573644296607199 4.54159883590597513 0.031848573644296607199 2.63999075866524047
0.040094978690177640601 5.18526768924822079 0.040094978690177640601 2.97121563995472870
0.050476587558421215363 5.90933349519664741 0.050476587558421215363 3.34144004282009766
0.063546258777961384112 6.72326399500736915 0.063546258777961384112 3.75554524468562168
0.079999999999998294697 7.63770317155590561 0.079999999999998294697 4.21881566667648844
0.100714032943542974863 8.66451284743457961 0.100714032943542974863 4.73630230470347691
0.126791455396897845276 9.81660788064858636 0.126791455396897845276 5.31177418409010116
0.159620985197506115583 11.10750956542779733 0.159620985197506115583 5.94662260354366801
0.200950914520760193227 12.55066972083170995 0.200950914520760193227 6.63925338714221969
0.252982212813478213320 14.15873620060881599 0.252982212813478213320 7.38545005669026011
0.318485736442795541734 15.94303374761608794 0.318485736442795541734 8.17912933599920500
0.400949786901833249431 17.91316398615773053 0.400949786901833249431 9.01478604623371460
0.504765875584155310207 20.07759101623397768 0.504765875584155310207 9.88831096295696454
0.635462587779443310865 22.44359248029499554 0.635462587779443310865 10.79810617841257070
0.799999999999997157829 25.01831953572423828 0.799999999999997157829 11.74669841189029995
1.007140329435344483500 27.80943658383216643 1.007140329435344483500 12.74275290968629903
1.267914553968893187630 30.82702140561734794 1.267914553968893187630 13.78979939524854892
1.596209851975103788391 34.07898113896134618 1.596209851975103788391 14.90845913127592581
2.009509145207672986544 37.58288250173303879 2.009509145207672986544 16.10785945971700883
2.529822128134711078928 41.34831182156238327 2.529822128134711078928 17.40860598486822397
3.184857364427998049905 45.39865518858800186 3.184857364427998049905 18.83925215719571966
4.009497869018190385759 49.75179525204040232 4.009497869018190385759 20.40693537295024385
5.009497869018204596614 54.26897148198992937 5.009497869018204596614 22.06278968419404762
6.009497869018204596614 58.19629738286532472 6.009497869018204596614 23.51641733491432973
7.009497869018204596614 61.68643778199582073 7.009497869018204596614 24.81107376563581823
8.009497869018204596614 64.83520221292701535 8.009497869018204596614 25.97128411398194814
9.009497869018204596614 67.70736570142607036 9.009497869018204596614 27.01863699844975741
10.009497869018190385759 70.34929521961880994 10.009497869018190385759 27.96737510961895623
11.009497869018190385759 72.79565150368406989 11.009497869018190385759 28.82331986759282927
12.009497869018190385759 75.07325271106689968 12.009497869018190385759 29.60519600274618668
13.009497869018190385759 77.20330365991377164 13.009497869018190385759 30.32127116724199567
14.009497869018190385759 79.20318333970142533 14.009497869018190385759 30.97757364022162108
15.009497869018190385759 81.08690644283129245 15.009497869018190385759 31.58130644917694596
16.009497869018204596614 82.86610506886613337 16.009497869018204596614 32.13871431410089485
17.009497869018204596614 84.55098383871568046 17.009497869018204596614 32.65555344306920915
18.009497869018204596614 86.15038446271023531 18.009497869018204596614 33.13798098794378433
19.009497869018204596614 87.67181772725960798 19.009497869018204596614 33.58728187851459523
20.009497869018204596614 89.12207520231393687 20.009497869018204596614 34.00589015359716427
21.009497869018204596614 90.50670343470568469 21.009497869018204596614 34.39576446242687524
22.009497869018190385759 91.83044082200601110 22.009497869018190385759 34.76038119401375326
23.009497869018190385759 93.09763509503015655 23.009497869018190385759 35.10089628352312019
24.009497869018190385759 94.31230155294012718 24.009497869018190385759 35.42116949689788186
25.009497869018190385759 95.47821471580583363 25.009497869018190385759 35.72285040370579168
26.009497869018190385759 96.59869520309437974 26.009497869018190385759 36.00761178924624772
27.009497869018204596614 97.67677275188191288 27.009497869018204596614 36.27760982562067937
28.009497869018190385759 98.71507329164246869 28.009497869018190385759 36.53337543350281180
29.009497869018190385759 99.71595001958208115 29.009497869018190385759 36.77364236671624553
30.009497869018190385759 100.68158834586171224 30.009497869018190385759 37.00365613312044388
31.009497869018190385759 101.61399028499161545 31.009497869018190385759 37.22151469786606270
32.009497869018190385759 102.51499967574935113 32.009497869018190385759 37.42810656581691831
33.009497869018218807469 103.38633116206129614 33.009497869018218807469 37.62284654007602569
34.009497869018190385759 104.22962020121723015 34.009497869018190385759 37.81038922547584491
35.009497869018218807469 105.04632727594272978 35.009497869018218807469 37.98833802295868622
36.009497869018190385759 105.83780291210715063 36.009497869018190385759 38.15979344273406326
37.009497869018218807469 106.60529826635600159 37.009497869018218807469 38.32424613252718615
38.009497869018190385759 107.35000425248881584 38.009497869018190385759 38.48239819702401832
39.009497869018190385759 108.07301078394783644 39.009497869018190385759 38.63496176808619254
40.009497869018190385759 108.77533835807179230 40.009497869018190385759 38.78112336163694351
41.009497869018190385759 109.45796634449821738 41.009497869018190385759 38.92311458189876561
42.009497869018190385759 110.12179189093340881 42.009497869018190385759 39.05747411774136424
43.009497869018190385759 110.76766160849236087 43.009497869018190385759 39.18969210007714565
44.009497869018218807469 111.39639089624104429 44.009497869018218807469 39.31229311448537089
46.009497869018218807469 112.60545618142195679 46.009497869018218807469 39.54640109864831032
48.009497869018218807469 113.75419124121467007 48.009497869018218807469 39.76136662810379363
50.009497869018218807469 114.84673728959232619 50.009497869018218807469 39.94690415844675613
52.009497869018190385759 115.88722378728635931 52.009497869018190385759 40.11158877320334426
54.009497869018190385759 116.87957948292149979 54.009497869018190385759 40.25883589443240851
56.009497869018190385759 117.82691761616371195 56.009497869018190385759 40.38923704173511453
58.009497869018190385759 118.73192257597264643 58.009497869018190385759 40.50350137301691689
60.009497869018190385759 119.59726616438496194 60.009497869018190385759 40.62305797400527752
62.009497869018190385759 120.42519474568692317 62.009497869018190385759 40.73720538805608982
64.009497869018190385759 121.21806275118971996 64.009497869018190385759 40.84591348013988465
66.009497869018218807469 121.97904454770709037 66.009497869018218807469 40.96073446935024265
68.009497869018218807469 122.71088816895812101 68.009497869018218807469 41.07589401607758361
70.009497869018218807469 123.41522653706088875 70.009497869018218807469 41.17091485110464788
72.009497869018218807469 124.09376705867821045 72.009497869018218807469 41.23577934380208632
74.009497869018190385759 124.74809299959284203 74.009497869018190385759 41.29456380225436618
76.009497869018190385759 125.37947977782499720 76.009497869018190385759 41.34580033676114397
78.009497869018190385759 125.98956464282399281 78.009497869018190385759 41.40876663086661580
80.009497869018190385759 126.57936084320668613 80.009497869018190385759 41.44012619565114619
82.009497869018190385759 127.14885212515609680 82.009497869018190385759 41.48253399204494229
84.009497869018190385759 127.69829650341459626 84.009497869018190385759 41.51577007133069230
86.009497869018190385759 128.22814875358557174 86.009497869018190385759 41.50703745476723583
88.009497869018218807469 128.73973943194843628 88.009497869018218807469 41.51126584461731284
91.009497869018190385759 129.47409285696775783 91.009497869018190385759 41.49532847021976067
94.009497869018218807469 130.17140696794353971 94.009497869018218807469 41.50918536020342486
97.009497869018190385759 130.83670694387944877 97.009497869018190385759 41.57272418476657805
99.504748934509109403734 131.36927849715883099 99.504748934509109403734 41.60397544617809018
nan nan nan nan

