Time Pressure difference Time.1 Pressure.1 difference.1
(hr) (psi) (hr) (psi)
0.000200000000006639311 0.59157247205830077 0.000200000000006639311 0.46716136087603755
0.000399999999999067768 1.07374049284773543 0.000399999999999067768 0.92408547840938637
0.000600000000005707079 1.50260974632171163 0.000600000000005707079 1.23765056692613817
0.000799999999998135536 1.89538169456844829 0.000799999999998135536 1.51945448364820201
0.001007140329434719206 2.27365428477646558 0.001007140329434719206 1.78571184953535456
0.001267914553963578328 2.71772388280794930 0.001267914553963578328 2.09142020787595007
0.001596209851982166583 3.23677634391935998 0.001596209851982166583 2.43897823005521985
0.002009509145224797066 3.84089646469064627 0.002009509145224797066 2.83244242733811236
0.002529822128138903281 4.54113739568200092 0.002529822128138903281 3.27621484349682035
0.003184857364431081805 5.34961001748864273 0.003184857364431081805 3.77514066780861990
0.004009497869020606231 6.27959716771671239 0.004009497869020606231 4.33462530666584378
0.005047658755842121536 7.34569673610195828 0.005047658755842121536 4.96076657297654755
0.006354625877790454069 8.56399649269875418 0.006354625877790454069 5.66049704256168074
0.008000000000009777068 9.95228235327423505 0.008000000000009777068 6.44173225316036735
0.010071403294347192059 11.53028090901924330 0.010071403294347192059 7.31352188087501354
0.012679145539706837553 13.31993653984721071 0.012679145539706837553 8.28620124621711973
0.015962098519750611558 15.34572262606221749 0.015962098519750611558 9.37153612690760340
0.020095091452091651263 17.63498381450899188 0.020095091452091651263 10.58284836033757514
0.025298221281360611101 20.21830290838663657 0.025298221281360611101 11.93512713468028963
0.031848573644296607199 23.12989133914955886 0.031848573644296607199 13.44519883648089653
0.040094978690177640601 26.40802998021498382 0.040094978690177640601 15.13209276741971188
0.050476587558421215363 30.09562195367909965 0.050476587558421215363 17.01760721261383225
0.063546258777961384112 34.24088548276976240 0.063546258777961384112 19.12660201118579195
0.079999999999998294697 38.89802926715903197 0.079999999999998294697 21.48599017127042288
0.100714032943542974863 44.12746433775424748 0.100714032943542974863 24.12149589062098443
0.126791455396897845276 49.99496472548896975 0.126791455396897845276 27.05231442389056795
0.159620985197506115583 56.56939297802572497 0.159620985197506115583 30.28553151094370932
0.200950914520760193227 63.91925781319756794 0.200950914520760193227 33.81302817932539995
0.252982212813478213320 72.10897343698042050 0.252982212813478213320 37.61333034336241354
0.318485736442795541734 81.19621558895187263 0.318485736442795541734 41.65545650902327424
0.400949786901833249431 91.22988434480330966 0.400949786901833249431 45.91136937207552648
0.504765875584155310207 102.25308648704954351 0.504765875584155310207 50.36014107910322224
0.635462587779443310865 114.30288629308708437 0.635462587779443310865 54.99363365180610685
0.799999999999997157829 127.41570386499995493 0.799999999999997157829 59.82471540918993469
1.007140329435344483500 141.63057320290479879 1.007140329435344483500 64.89751755097066166
1.267914553968893187630 156.99881939910039819 1.267914553968893187630 70.23001659219478654
1.596209851975103788391 173.56071268585776579 1.596209851975103788391 75.92723448278231047
2.009509145207672986544 191.40571853341631936 2.009509145207672986544 82.03565582762979602
2.529822128134711078928 210.58265911309371177 2.529822128134711078928 88.66022283003925963
3.184857364427998049905 231.21063735390171701 3.184857364427998049905 95.94635524866892240
4.009497869018190385759 253.38072773170304686 4.009497869018190385759 103.93040310158265527
5.009497869018204596614 276.38623727439681943 5.009497869018204596614 112.36349718944728693
6.009497869018204596614 296.38770033240700741 6.009497869018204596614 119.76667189147626402
7.009497869018204596614 314.16262302087488933 7.009497869018204596614 126.36022267526000462
8.009497869018204596614 330.19895334671031151 8.009497869018204596614 132.26905352038895103
9.009497869018204596614 344.82658379086939249 9.009497869018204596614 137.60311301942718387
10.009497869018190385759 358.28165652833189370 10.009497869018190385759 142.43493771674789627
11.009497869018190385759 370.74069508980079490 11.009497869018190385759 146.79417550052741603
12.009497869018190385759 382.34028156674509091 12.009497869018190385759 150.77618947846690389
13.009497869018190385759 393.18840989639147665 13.009497869018190385759 154.42308594464228122
14.009497869018190385759 403.37358946776896573 14.009497869018190385759 157.76556629883361893
15.009497869018190385759 412.96719565420090703 15.009497869018190385759 160.84031481220171145
16.009497869018204596614 422.02846953105591865 16.009497869018204596614 163.67913519531165889
17.009497869018204596614 430.60938217313116638 17.009497869018204596614 166.31134321825410893
18.009497869018204596614 438.75496349314721556 18.009497869018204596614 168.76829661619458989
19.009497869018204596614 446.50346514648066432 19.009497869018204596614 171.05653940314542183
20.009497869018204596614 453.88947589375186453 20.009497869018204596614 173.18846788607950771
21.009497869018204596614 460.94124372210762886 21.009497869018204596614 175.17405726219587336
22.009497869018190385759 467.68290079841307261 22.009497869018190385759 177.03101241978589542
23.009497869018190385759 474.13658966430659802 23.009497869018190385759 178.76522041663139362
24.009497869018190385759 480.32275982153117866 24.009497869018190385759 180.39633863993893215
25.009497869018190385759 486.26063450891274442 25.009497869018190385759 181.93276817625024933
26.009497869018190385759 491.96712529663369651 26.009497869018190385759 183.38302834741804759
27.009497869018204596614 497.45766232105984272 27.009497869018204596614 184.75810031409002931
28.009497869018190385759 502.74561916836483988 28.009497869018190385759 186.06068800013454734
29.009497869018190385759 507.84298042759832015 29.009497869018190385759 187.28434254524341895
30.009497869018190385759 512.76087616580934991 30.009497869018190385759 188.45577877632922537
31.009497869018190385759 517.50950243503928050 31.009497869018190385759 189.56530982738343027
32.009497869018190385759 522.09824971474529320 32.009497869018190385759 190.61746076142824791
33.009497869018218807469 526.53585050842139026 33.009497869018218807469 191.60925123142541793
34.009497869018190385759 530.83063403024289073 34.009497869018190385759 192.56438665652180475
35.009497869018218807469 534.99003836709630377 35.009497869018218807469 193.47066140654371225
36.009497869018190385759 539.02094160701562942 36.009497869018190385759 194.34386605807728188
37.009497869018218807469 542.92971576089507835 37.009497869018218807469 195.18140653287071018
38.009497869018190385759 546.72242602906874254 38.009497869018190385759 195.98685857719337378
39.009497869018190385759 550.40462322753774060 39.009497869018190385759 196.76384900467940042
40.009497869018190385759 553.98150464329455644 40.009497869018190385759 197.50823482538595499
41.009497869018190385759 557.45805810422041304 41.009497869018190385759 198.23138136792161390
42.009497869018190385759 560.83885269043673816 42.009497869018190385759 198.91566053407080972
43.009497869018190385759 564.12820010445284424 43.009497869018190385759 199.58903299055685920
44.009497869018218807469 567.33025308905268957 44.009497869018218807469 200.21342722787082380
46.009497869018218807469 573.48789705511069315 46.009497869018218807469 201.40571488491929131
48.009497869018218807469 579.33828544706045705 48.009497869018218807469 202.50051200761058112
50.009497869018218807469 584.90250903770515833 50.009497869018218807469 203.44543538618785306
52.009497869018190385759 590.20159874180808401 52.009497869018190385759 204.28415703074048793
54.009497869018190385759 595.25556326821231323 54.009497869018190385759 205.03407133120771277
56.009497869018190385759 600.08025802330371334 56.009497869018190385759 205.69819083550342498
58.009497869018190385759 604.68935432134696839 58.009497869018190385759 206.28012721121186246
60.009497869018190385759 609.09645937271466209 60.009497869018190385759 206.88901656706508447
62.009497869018190385759 613.31301367748744724 62.009497869018190385759 207.47035749545506178
64.009497869018190385759 617.35100810988433295 64.009497869018190385759 208.02399652180534417
66.009497869018218807469 621.22660939050820161 66.009497869018218807469 208.60876789854879121
68.009497869018218807469 624.95381296977586771 68.009497869018218807469 209.19526351357544058
70.009497869018218807469 628.54093515049589769 70.009497869018218807469 209.67919476081709718
72.009497869018218807469 631.99667157753049196 72.009497869018218807469 210.00954288756034316
74.009497869018190385759 635.32908565912862286 74.009497869018190385759 210.30892603115336215
76.009497869018190385759 638.54467296684640587 76.009497869018190385759 210.56986838175620846
78.009497869018190385759 641.65177184214178396 78.009497869018190385759 210.89054918015128237
80.009497869018190385759 644.65554265501987175 80.009497869018190385759 211.05026018768779750
82.009497869018190385759 647.55590262647797317 82.009497869018190385759 211.26623869172615855
84.009497869018190385759 650.35416579881086818 84.009497869018190385759 211.43550659278804460
86.009497869018190385759 653.05264829694931450 86.009497869018190385759 211.39103228329545914
88.009497869018218807469 655.65812650587940880 88.009497869018218807469 211.41256703378869020
91.009497869018190385759 659.39811225515813931 91.009497869018190385759 211.33139964068206496
94.009497869018218807469 662.94946062362510020 94.009497869018218807469 211.40197134267535262
97.009497869018190385759 666.33776432620572905 97.009497869018190385759 211.72556797924835337
99.504748934509109403734 669.05009595274327694 99.504748934509109403734 211.88472740895070956
nan nan nan nan

