Time Pressure difference Time.1 Pressure.1 difference.1
(hr) (psi) (hr) (psi)
0.000200000000006639311 0.29904071041014824 0.000200000000006639311 0.23881169226485166
0.000399999999999067768 0.59702663056142369 0.000399999999999067768 0.62099640716749638
0.000600000000005707079 0.89414109288581534 0.000600000000005707079 0.90667706893969191
0.000799999999998135536 1.19046886951277875 0.000799999999998135536 1.19639953309576352
0.001007140329434719206 1.49660309852364781 0.001007140329434719206 1.49937964372117416
0.001267914553963578328 1.88095151485580758 0.001267914553963578328 1.88191273226053091
0.001596209851982166583 2.36324456641886460 0.001596209851982166583 2.36067596503475441
0.002009509145210586212 2.96806501346866591 0.002009509145210586212 2.95920597519832196
0.002529822128138903281 3.72598094107222044 0.002529822128138903281 3.70646217205241468
0.003184857364445292660 4.67490924220626169 0.003184857364445292660 4.63791265733486568
0.004009497869020606231 5.86174827429222844 0.004009497869020606231 5.79675100394712217
0.005047658755842121536 7.34430101238717636 0.005047658755842121536 7.23521263960914496
0.006354625877804664924 9.19351288139334777 0.006354625877804664924 9.01592740068672605
0.008000000000009777068 11.49601619331733104 0.008000000000009777068 11.21319021546317529
0.010071403294347192059 14.35695074102049418 0.010071403294347192059 13.91396781419158302
0.012679145539692626699 17.90296822281499800 0.012679145539692626699 17.21832016596415471
0.015962098519750611558 22.28524153974573352 0.015962098519750611558 21.23882780078696086
0.020095091452091651263 27.68219761887981178 0.020095091452091651263 26.09845252183132658
0.025298221281346400247 34.30153019227394395 0.025298221281346400247 31.92601031420240432
0.031848573644282396344 42.38083183621314731 0.031848573644282396344 38.84825949138686241
0.040094978690191851456 52.18594129922838221 0.040094978690191851456 46.97741210395535916
0.050476587558421215363 64.00579539614233227 0.050476587558421215363 56.39385752042312561
0.063546258777947173257 78.14278365753095557 0.063546258777947173257 67.12172370051393955
0.079999999999998294697 94.89630314226934615 0.079999999999998294697 79.09928418719067622
0.100714032943542974863 114.53944003690375553 0.100714032943542974863 92.14808012835237605
0.126791455396897845276 137.28826556751380394 0.126791455396897845276 105.93950348472058920
0.159620985197506115583 163.26311285546452723 0.159620985197506115583 119.98032430924187963
0.200950914520774404082 192.45122755678798399 0.200950914520774404082 133.61646003736458965
0.252982212813464002465 224.66986533469631127 0.252982212813464002465 146.08091924250604166
0.318485736442795541734 259.55116044002409126 0.318485736442795541734 156.58433577201878961
0.400949786901819038576 296.54710584739711976 0.400949786901819038576 164.44426356665451294
0.504765875584169521062 334.97411727485109623 0.504765875584169521062 169.23179824148527928
0.635462587779443310865 374.08555739627979619 0.635462587779443310865 170.87634505974733656
0.799999999999997157829 413.16433079304948706 0.799999999999997157829 169.69829676374348537
1.007140329435330272645 451.60994903698644976 1.007140329435330272645 166.34699847122655569
1.267914553968893187630 489.00178504392698642 1.267914553968893187630 161.65677048028402396
1.596209851975103788391 525.11898787660868493 1.596209851975103788391 156.46642004148264959
2.009509145207687197399 559.91990462089120228 2.009509145207687197399 151.48008554654293789
2.529822128134711078928 593.49734815756005446 2.529822128134711078928 147.18075413898836246
3.184857364427983839050 626.01798572991856418 3.184857364427983839050 143.81305584902369787
4.009497869018190385759 657.66964670637605650 4.009497869018190385759 141.42100842190723142
5.009497869018190385759 687.60996195096242900 5.009497869018190385759 139.93503236407832446
6.009497869018190385759 711.67396013170753122 6.009497869018190385759 139.23282548712586504
7.009497869018204596614 731.76829049434547869 7.009497869018204596614 138.92238463228801493
8.009497869018190385759 748.99197448160396107 8.009497869018190385759 138.85707650394184043
9.009497869018204596614 764.05128034694143935 9.009497869018204596614 138.90817381717451440
10.009497869018190385759 777.39829761119472096 10.009497869018190385759 138.97976355505659285
11.009497869018190385759 789.38321267380888457 11.009497869018190385759 139.02996506711264146
12.009497869018190385759 800.22627720867774315 12.009497869018190385759 139.18339130487478883
13.009497869018190385759 810.11643309355395104 13.009497869018190385759 139.28540937135093714
14.009497869018204596614 819.21523315085255490 14.009497869018204596614 139.37106338943897299
15.009497869018190385759 827.61209270311701403 15.009497869018190385759 139.56056842334254497
16.009497869018190385759 835.39943181974251729 16.009497869018190385759 139.68583434081733685
17.009497869018190385759 842.67358602113131383 17.009497869018190385759 139.70100278285281092
18.009497869018190385759 849.47565699530548500 18.009497869018190385759 139.87105025141073611
19.009497869018204596614 855.84516358662949642 19.009497869018204596614 139.95864518582547475
20.009497869018190385759 861.83742062728470046 20.009497869018190385759 140.04933564189013850
21.009497869018204596614 867.51201594245196702 21.009497869018204596614 140.04829151016878086
22.009497869018190385759 872.88337828468525004 22.009497869018190385759 140.08098452953981905
23.009497869018190385759 877.97229336663326649 23.009497869018190385759 140.28519370722870008
24.009497869018190385759 882.79375674639049976 24.009497869018190385759 140.33126837892410776
25.009497869018190385759 887.38133562343966787 25.009497869018190385759 140.34261353664604144
26.009497869018204596614 891.77096937243936736 26.009497869018204596614 140.40009135533935591
27.009497869018190385759 895.96729471840819770 27.009497869018190385759 140.37288398372504616
28.009497869018190385759 899.97857540725999570 28.009497869018190385759 140.43184633701480379
29.009497869018190385759 903.81678212018994145 29.009497869018190385759 140.60623284279074596
30.009497869018190385759 907.48753741861685285 30.009497869018190385759 140.64913768767732449
31.009497869018190385759 911.00931429760817082 31.009497869018190385759 140.65950651308622810
32.009497869018190385759 914.40136384942888981 32.009497869018190385759 140.66219621918284588
33.009497869018190385759 917.67328792545481519 33.009497869018190385759 140.69006893341750697
34.009497869018190385759 920.82619774702322957 34.009497869018190385759 140.66474265578230529
35.009497869018190385759 923.86354087817733216 35.009497869018190385759 140.73696753796281200
36.009497869018190385759 926.79228945415377439 36.009497869018190385759 140.83461256682411999
37.009497869018190385759 929.61672924813069585 37.009497869018190385759 140.90134073939719883
38.009497869018190385759 932.34042566980724587 38.009497869018190385759 140.91930226639118473
39.009497869018190385759 934.97456968640267405 39.009497869018190385759 140.90341297169618429
40.009497869018190385759 937.52790552688929893 40.009497869018190385759 140.89251337331529612
41.009497869018190385759 940.00759673430457042 41.009497869018190385759 140.90397405315042079
42.009497869018190385759 942.41243535330750092 42.009497869018190385759 140.86706100250341933
43.009497869018190385759 944.74465785071151913 43.009497869018190385759 140.88434658461224558
44.009497869018218807469 947.00582143044516670 44.009497869018218807469 140.96621797365651219
46.009497869018190385759 951.32997801654175873 46.009497869018190385759 141.04463529277239786
48.009497869018190385759 955.40293981008619539 48.009497869018190385759 141.09707279696601745
50.009497869018190385759 959.25730609785114211 50.009497869018190385759 141.04224722789425073
52.009497869018190385759 962.92527483693982049 52.009497869018190385759 141.04418652631542841
54.009497869018190385759 966.41194473483301408 54.009497869018190385759 141.05253388743835785
56.009497869018190385759 969.72592829531367897 56.009497869018190385759 141.13995532431965785
58.009497869018218807469 972.88094715935380918 58.009497869018218807469 141.19176890063883434
60.009497869018190385759 975.88581224658889823 60.009497869018190385759 141.26177430343213359
62.009497869018190385759 978.75559045129341484 62.009497869018190385759 141.26757271074592381
64.009497869018190385759 981.50548098074443715 64.009497869018190385759 141.24546020386071632
66.009497869018190385759 984.14344322566023493 66.009497869018190385759 141.22519841873344149
68.009497869018190385759 986.67298037627801932 68.009497869018190385759 141.25412842844414740
70.009497869018190385759 989.09815510798466676 70.009497869018190385759 141.27615978636742966
72.009497869018218807469 991.42667088166967915 72.009497869018218807469 141.31338277790075608
74.009497869018190385759 993.66365126330833846 74.009497869018190385759 141.34648975499246149
76.009497869018190385759 995.81418189936391627 76.009497869018190385759 141.34818024524210500
78.009497869018190385759 997.88534502514289670 78.009497869018190385759 141.34505800559358590
80.009497869018190385759 999.88354676869801096 80.009497869018190385759 141.32092737110335179
82.009497869018218807469 1001.81354030283978318 82.009497869018218807469 141.29744010052178282
84.009497869018190385759 1003.67693070980146786 84.009497869018190385759 141.28315434816187235
86.009497869018190385759 1005.47556758631014873 86.009497869018190385759 141.26679383117425459
88.009497869018190385759 1007.21254705650994765 88.009497869018190385759 141.25093660713088184
91.009497869018218807469 1009.71114973871590337 91.009497869018218807469 141.23018740855928854
94.009497869018190385759 1012.08991469428201526 94.009497869018190385759 141.23156366845987009
97.009497869018190385759 1014.35824580157645869 97.009497869018190385759 141.24633937483432078
99.504748934509109403734 1016.16753886188166689 99.504748934509109403734 141.28624496590504123
nan nan nan nan

