Time Pressure difference Time.1 Pressure.1 difference.1
(hr) (psi) (hr) (psi)
0.000200000000006639311 0.70606834402396113 0.000200000000006639311 0.56386094006978860
0.000399999999999067768 1.40964621104780607 0.000399999999999067768 1.46624151692325522
0.000600000000005707079 2.11116646931373086 0.000600000000005707079 2.14076530166316115
0.000799999999998135536 2.81082927523850579 0.000799999999998135536 2.82483223092055313
0.001007140329434719206 3.53364620484750169 0.001007140329434719206 3.54020193656388305
0.001267914553963578328 4.44113552118732358 0.001267914553963578328 4.44340506228180931
0.001596209851982166583 5.57988300404454218 0.001596209851982166583 5.57381825077650372
0.002009509145210586212 7.00793128180101643 0.002009509145210586212 6.98701410810715018
0.002529822128138903281 8.79745499975385314 0.002529822128138903281 8.75136901734597927
0.003184857364445292660 11.03798015520922782 0.003184857364445292660 10.95062710759621183
0.004009497869020606231 13.84023898096776151 0.004009497869020606231 13.68677320376403905
0.005047658755842121536 17.34071072369194155 0.005047658755842121536 17.08314095463270377
0.006354625877804664924 21.70690541440096055 0.006354625877804664924 21.28760636273254647
0.008000000000009777068 27.14337156755480862 0.008000000000009777068 26.47558800873249396
0.010071403294347192059 33.89835591629838518 0.010071403294347192059 32.85242400573012134
0.012679145539692626699 42.27089719275763002 0.012679145539692626699 40.65436705852648203
0.015962098519750611558 52.61793141328853096 0.015962098519750611558 50.14723230741365967
0.020095091452091651263 65.36074437791066316 0.020095091452091651263 61.62134623210175022
0.025298221281346400247 80.98972406509126643 0.025298221281346400247 75.38085768631123074
0.031848573644282396344 100.06585294661438468 0.031848573644282396344 91.72505713244120784
0.040094978690191851456 123.21680584540035852 0.040094978690191851456 110.91888968989458419
0.050476587558421215363 151.12479468533604177 0.050476587558421215363 133.15216358988794809
0.063546258777947173257 184.50379474694807413 0.063546258777947173257 158.48184762621349364
0.079999999999998294697 224.06071575258039275 0.079999999999998294697 186.76219877531133307
0.100714032943542974863 270.44034453157831877 0.100714032943542974863 217.57185585860977994
0.126791455396897845276 324.15284925662984961 0.126791455396897845276 250.13493878336805665
0.159620985197506115583 385.48234979762457897 0.159620985197506115583 283.28687684126555268
0.200950914520774404082 454.39873173130496298 0.200950914520774404082 315.48330842155530718
0.252982212813464002465 530.47051537358845508 0.252982212813464002465 344.91328154480589774
0.318485736442795541734 612.82912881672348249 0.318485736442795541734 369.71301501726657079
0.400949786901819038576 700.18066658413215464 0.400949786901819038576 388.27117786571204761
0.504765875584169521062 790.91111023228734211 0.504765875584169521062 399.57507918128465008
0.635462587779443310865 883.25756607454945879 0.635462587779443310865 403.45803694662566841
0.799999999999997157829 975.52689215025577596 0.799999999999997157829 400.67653402550541841
1.007140329435330272645 1066.30126855955131759 1.007140329435330272645 392.76374639039607928
1.267914553968893187630 1154.58754802038311027 1.267914553968893187630 381.68959696733730880
1.596209851975103788391 1239.86427693088148771 1.596209851975103788391 369.43460287572287370
2.009509145207687197399 1322.03310813266011792 2.009509145207687197399 357.66131309600416444
2.529822128134711078928 1401.31318314979466777 2.529822128134711078928 347.51011393927808513
3.184857364427983839050 1478.09802186230763255 3.184857364427983839050 339.55860408797258287
4.009497869018190385759 1552.83111027894346989 4.009497869018190385759 333.91071432950320741
5.009497869018190385759 1623.52352127310587093 5.009497869018190385759 330.40215974851821557
6.009497869018190385759 1680.34129475542044929 6.009497869018190385759 328.74417128904724450
7.009497869018204596614 1727.78624144498235182 7.009497869018204596614 328.01118593734668138
8.009497869018190385759 1768.45327308156493018 8.009497869018190385759 327.85698618986270958
9.009497869018204596614 1804.00996748583406770 9.009497869018204596614 327.97763262388423300
10.009497869018190385759 1835.52375824865407594 10.009497869018190385759 328.14666394943918704
11.009497869018190385759 1863.82147436871537138 11.009497869018190385759 328.26519529734929392
12.009497869018190385759 1889.42315452048887892 12.009497869018190385759 328.62745169206550599
13.009497869018190385759 1912.77491147089131118 13.009497869018190385759 328.86832768235632329
14.009497869018204596614 1934.25818938395764235 14.009497869018204596614 329.07056633617537500
15.009497869018190385759 1954.08410777124845481 15.009497869018190385759 329.51800877733654715
16.009497869018190385759 1972.47088068550306161 16.009497869018190385759 329.81377552692981681
17.009497869018190385759 1989.64596699433809590 17.009497869018190385759 329.84958990395801948
18.009497869018190385759 2005.70641235002676694 18.009497869018190385759 330.25109087138645236
19.009497869018204596614 2020.74552513509729579 19.009497869018204596614 330.45791224431019373
20.009497869018190385759 2034.89390981442215889 20.009497869018190385759 330.67204248779620457
21.009497869018204596614 2048.29225986412257043 21.009497869018204596614 330.66957717678741346
22.009497869018190385759 2060.97464317217372809 22.009497869018190385759 330.74676902808016621
23.009497869018190385759 2072.99013711566158236 23.009497869018190385759 331.22892958651220852
24.009497869018190385759 2084.37414787342186173 24.009497869018190385759 331.33771700579308117
25.009497869018190385759 2095.20593133312149803 25.009497869018190385759 331.36450418374761284
26.009497869018204596614 2105.57034435159312125 26.009497869018204596614 331.50021570010676442
27.009497869018190385759 2115.47833475179731977 27.009497869018190385759 331.43597607268412730
28.009497869018190385759 2124.94941415603079804 28.009497869018190385759 331.57519274017380440
29.009497869018190385759 2134.01184667267079931 29.009497869018190385759 331.98693865658918867
30.009497869018190385759 2142.67890779395656864 30.009497869018190385759 332.08824176257144245
31.009497869018190385759 2150.99421431379732894 31.009497869018190385759 332.11272371145361149
32.009497869018190385759 2159.00322020004068690 32.009497869018190385759 332.11907440640391087
33.009497869018190385759 2166.72859649065685517 33.009497869018190385759 332.18488498168017031
34.009497869018190385759 2174.17296690269358805 34.009497869018190385759 332.12508682615265343
35.009497869018190385759 2181.34447151791891883 35.009497869018190385759 332.29561779796773635
36.009497869018190385759 2188.25957232230757654 36.009497869018190385759 332.52616856055692551
37.009497869018190385759 2194.92838850253065175 37.009497869018190385759 332.68372119024337508
38.009497869018190385759 2201.35933838704477239 38.009497869018190385759 332.72613035120133418
39.009497869018190385759 2207.57884509289488051 39.009497869018190385759 332.68861396094928295
40.009497869018190385759 2213.60755471626634971 40.009497869018190385759 332.66287879810556660
41.009497869018190385759 2219.46238117821894775 41.009497869018190385759 332.68993873660519967
42.009497869018190385759 2225.14047236197620805 42.009497869018190385759 332.60278292257748944
43.009497869018190385759 2230.64710881417977362 43.009497869018190385759 332.64359610255667121
44.009497869018218807469 2235.98596726632831633 44.009497869018218807469 332.83690354891120933
46.009497869018190385759 2246.19578142794625819 46.009497869018190385759 333.02205555237924273
48.009497869018190385759 2255.81249677381447327 48.009497869018190385759 333.14586632616982342
50.009497869018190385759 2264.91308384214835314 50.009497869018190385759 333.01641706586138980
52.009497869018190385759 2273.57356558721903639 52.009497869018190385759 333.02099596491137845
54.009497869018190385759 2281.80598062391163694 54.009497869018190385759 333.04070501200726540
56.009497869018190385759 2289.63066403060156517 56.009497869018190385759 333.24711673797702360
58.009497869018218807469 2297.08001412625253579 58.009497869018218807469 333.36945434873058502
60.009497869018190385759 2304.17483447111271744 60.009497869018190385759 333.53474488310359902
62.009497869018190385759 2310.95069967666449884 62.009497869018190385759 333.54843556703889362
64.009497869018190385759 2317.44349676009142058 64.009497869018190385759 333.49622548133783084
66.009497869018190385759 2323.67201872725354406 66.009497869018190385759 333.44838515534286216
68.009497869018190385759 2329.64453699954538024 68.009497869018190385759 333.51669212271536935
70.009497869018190385759 2335.37064400496410599 70.009497869018190385759 333.56871060670079032
72.009497869018218807469 2340.86852847060890781 72.009497869018218807469 333.65659822559905479
74.009497869018190385759 2346.15028770503340638 74.009497869018190385759 333.73476747706553169
76.009497869018190385759 2351.22792948460937623 76.009497869018190385759 333.73875891237719316
78.009497869018190385759 2356.11817575380973722 78.009497869018190385759 333.73138695765146622
80.009497869018190385759 2360.83615209275876623 80.009497869018190385759 333.67441184843846713
82.009497869018218807469 2365.39308127059439357 82.009497869018218807469 333.61895579289864600
84.009497869018190385759 2369.79275306480940344 84.009497869018190385759 333.58522554427105433
86.009497869018190385759 2374.03953457878787958 86.009497869018190385759 333.54659654582809480
88.009497869018190385759 2378.14073610564810224 88.009497869018190385759 333.50915587794793282
91.009497869018218807469 2384.04021466085623615 91.009497869018218807469 333.46016471465389941
94.009497869018190385759 2389.65674302816569252 94.009497869018190385759 333.46341421719694154
97.009497869018190385759 2395.01252480927723809 97.009497869018190385759 333.49830130169215181
99.504748934509109403734 2399.28446675722034342 99.504748934509109403734 333.59252283616473278
nan nan nan nan

