Time Pressure difference Time.1 Pressure.1 difference.1
(hr) (psi) (hr) (psi)
0.000200000000020850166 0.85219284956863384 0.000200000000020850166 0.68034561623352385
0.000399999999999067768 1.70198557768769576 0.000399999999999067768 1.77164496835333352
0.000600000000019917934 2.54973956778353061 0.000600000000019917934 2.58779917263580961
0.000799999999998135536 3.39563533881066082 0.000799999999998135536 3.41614809132458630
0.001007140329434719206 4.26990264705098266 0.001007140329434719206 4.28307589294388258
0.001267914553977789183 5.36804411711119567 0.001267914553977789183 5.37854393232606931
0.001596209851982166583 6.74678115741315576 0.001596209851982166583 6.75091836448381510
0.002009509145224797066 8.47690555431397108 0.002009509145224797066 8.46856714556973778
0.002529822128153114136 10.64661934614523098 0.002529822128153114136 10.61592517325324003
0.003184857364431081805 13.36559178016390526 0.003184857364431081805 13.29686357887907100
0.004009497869034817086 16.76984952644017213 0.004009497869034817086 16.63857044917153871
0.005047658755856332391 21.02761879173402093 0.005047658755856332391 20.79590416028428379
0.006354625877790454069 26.34621725974007944 0.006354625877790454069 25.95613362608891350
0.008000000000009777068 32.98007446973655732 0.008000000000009777068 32.34385539371852047
0.010071403294361402914 41.23988098152917559 0.010071403294361402914 40.22564098827720613
0.012679145539692626699 51.50273805004488992 0.012679145539692626699 49.91376753666107646
0.015962098519750611558 64.22300844742026982 0.015962098519750611558 61.76816640174818218
0.020095091452091651263 79.94333918853244825 0.020095091452091651263 76.19477486549564560
0.025298221281360611101 99.30471760822300098 0.025298221281360611101 93.63858529811953701
0.031848573644296607199 123.05424162476890615 0.031848573644296607199 114.56885571061901885
0.040094978690191851456 152.04829220724448646 0.040094978690191851456 139.45267825482261514
0.050476587558435426217 187.24803117540051289 0.050476587558435426217 168.71383597131099918
0.063546258777947173257 229.70349274869650458 0.063546258777947173257 202.67358669244836733
0.080000000000012505552 280.52164065759018285 0.080000000000012505552 241.47197626174474294
0.100714032943542974863 340.81401780857055428 0.100714032943542974863 284.96725578221060005
0.126791455396883634421 411.61825952511549076 0.126791455396883634421 332.63290503878909021
0.159620985197506115583 493.79810428956182022 0.159620985197506115583 383.44852998632649133
0.200950914520774404082 587.91452377423661346 0.200950914520774404082 435.84709613376725201
0.252982212813464002465 694.10141517364274932 0.252982212813464002465 487.72395771203673576
0.318485736442809752589 811.94110750218624162 0.318485736442809752589 536.56518621383793288
0.400949786901833249431 940.39959706610613921 0.400949786901833249431 579.75055398822189545
0.504765875584169521062 1077.84216034217388369 0.504765875584169521062 614.92726638877172718
0.635462587779443310865 1222.14126554893414323 0.635462587779443310865 640.47001856620022409
0.800000000000011368684 1370.90404177926166085 0.800000000000011368684 655.85905096894043709
1.007140329435344483500 1521.75335912935315719 1.007140329435344483500 661.79323105439232222
1.267914553968907398485 1672.60533721863725987 1.267914553968907398485 660.09162134986627279
1.596209851975117999245 1821.90158526778964188 1.596209851975117999245 653.27376424720296200
2.009509145207687197399 1968.68962705553099113 2.009509145207687197399 644.02669421496329960
2.529822128134725289783 2112.60568619681043856 2.529822128134725289783 634.84782801283438403
3.184857364427983839050 2253.78595866140994985 3.184857364427983839050 627.57109730965498784
4.009497869018204596614 2392.63023346267209490 4.009497869018204596614 623.27032315894939529
5.009497869018190385759 2525.18122403372126428 5.009497869018190385759 622.31862307876110663
6.009497869018190385759 2632.59149542281329559 6.009497869018190385759 623.88357747667123476
7.009497869018204596614 2722.92434352306963774 7.009497869018204596614 626.74101283392758432
8.009497869018190385759 2800.86506841791424449 8.009497869018190385759 630.16674445468936483
9.009497869018204596614 2869.37931470632611308 9.009497869018204596614 633.84553022319289539
10.009497869018190385759 2930.46655091067214016 10.009497869018190385759 637.55391018435852857
11.009497869018190385759 2985.54173146962739338 11.009497869018190385759 641.00941368350333960
12.009497869018204596614 3035.64404921207869847 12.009497869018204596614 644.33094222022020858
13.009497869018190385759 3081.55697509513311161 13.009497869018190385759 647.49562321384405550
14.009497869018204596614 3123.89692900955742516 14.009497869018204596614 650.49538441895276719
15.009497869018190385759 3163.14911184547509038 15.009497869018190385759 653.35326821759997529
16.009497869018190385759 3199.70653069070112906 16.009497869018190385759 656.05084591347610967
17.009497869018204596614 3233.89146249578743664 17.009497869018204596614 658.55125914546795229
18.009497869018190385759 3265.96855122995111742 18.009497869018190385759 660.88286299851461081
19.009497869018204596614 3296.15738505717581575 19.009497869018204596614 662.97619093412254188
20.009497869018190385759 3324.64629782784732015 20.009497869018190385759 664.95328367028059802
21.009497869018190385759 3351.59568590552362366 21.009497869018190385759 666.82584524738877008
22.009497869018204596614 3377.14284429865665516 22.009497869018204596614 668.63083769895888508
23.009497869018190385759 3401.41983049162308816 23.009497869018190385759 670.40651181402756720
24.009497869018204596614 3424.53751690806257102 24.009497869018204596614 672.09146372882639753
25.009497869018204596614 3446.59086834342815564 25.009497869018204596614 673.71728365021363061
26.009497869018190385759 3467.66314653756126063 26.009497869018190385759 675.22609399145903808
27.009497869018204596614 3487.83029153517736631 27.009497869018204596614 676.61308807177840663
28.009497869018190385759 3507.15281941327020832 28.009497869018190385759 677.90091519671739206
29.009497869018190385759 3525.68042381061241031 29.009497869018190385759 679.12381046894734027
30.009497869018190385759 3543.46628030879037397 30.009497869018190385759 680.27666023224333003
31.009497869018218807469 3560.56276159265689785 31.009497869018218807469 681.33631203997083503
32.009497869018190385759 3577.01520609588851585 32.009497869018190385759 682.33097189071247612
33.009497869018190385759 3592.86460470264000833 33.009497869018190385759 683.34734356022590873
34.009497869018218807469 3608.14956678917360477 34.009497869018218807469 684.30178494541428336
35.009497869018190385759 3622.90281265652401999 35.009497869018190385759 685.22503410881245145
36.009497869018190385759 3637.15472622254992530 36.009497869018190385759 686.12727354180765360
37.009497869018190385759 3650.93352070474202264 37.009497869018190385759 686.99734025530017334
38.009497869018218807469 3664.26412937837540085 38.009497869018218807469 687.83527563153995743
39.009497869018190385759 3677.16993691642801423 39.009497869018190385759 688.62696686758715714
40.009497869018190385759 3689.67265111682036149 40.009497869018190385759 689.36819255128841633
41.009497869018218807469 3701.79267474490688983 41.009497869018218807469 690.10532899636450566
42.009497869018190385759 3713.54871714254613835 42.009497869018190385759 690.80286710472194045
43.009497869018190385759 3724.95814235807938530 43.009497869018190385759 691.47276190411844254
44.009497869018218807469 3736.03793567036245804 44.009497869018218807469 692.10929386606846947
46.009497869018190385759 3757.26994407922620667 46.009497869018190385759 693.31552292652327196
48.009497869018218807469 3777.35640270969452104 48.009497869018218807469 694.44590509669899348
50.009497869018190385759 3796.39412688387528760 50.009497869018190385759 695.50516194584076857
52.009497869018190385759 3814.46937813712429488 52.009497869018190385759 696.50218264258933232
54.009497869018218807469 3831.65876975225182832 54.009497869018218807469 697.44363701143868184
56.009497869018190385759 3848.03091877251517872 56.009497869018190385759 698.32619989835518481
58.009497869018218807469 3863.64654120037448592 58.009497869018218807469 699.14160195863530589
60.009497869018190385759 3878.56033278083850746 60.009497869018190385759 699.92534560658486953
62.009497869018190385759 3892.82155497320309223 62.009497869018190385759 700.66696304439881260
64.009497869018218807469 3906.47469827758959582 64.009497869018218807469 701.36702091349661714
66.009497869018190385759 3919.55996443139974872 66.009497869018190385759 702.01028368735592267
68.009497869018190385759 3932.11373439674616748 68.009497869018190385759 702.61348078444268594
70.009497869018190385759 3944.16967796856215500 70.009497869018190385759 703.19748835691711975
72.009497869018190385759 3955.75851498306383291 72.009497869018190385759 703.74875805815304375
74.009497869018218807469 3966.90833375459533272 74.009497869018218807469 704.27577542943595290
76.009497869018190385759 3977.64437317207648448 76.009497869018190385759 704.77675409997061706
78.009497869018190385759 3987.98976390792540769 78.009497869018190385759 705.24311323247093242
80.009497869018218807469 3997.96627357500983635 80.009497869018218807469 705.70551141709745480
82.009497869018190385759 4007.59483197480176386 82.009497869018190385759 706.16111037733890043
84.009497869018218807469 4016.89447817626160031 84.009497869018218807469 706.58539349065722490
86.009497869018190385759 4025.88276380166325907 86.009497869018190385759 706.99476634947677667
88.009497869018190385759 4034.57547392489868798 88.009497869018190385759 707.39051051326066499
91.009497869018218807469 4047.09236724004222197 91.009497869018218807469 707.96891263924408122
94.009497869018218807469 4059.02345546241440388 94.009497869018218807469 708.54917894944014733
97.009497869018218807469 4070.41177210497608030 97.009497869018218807469 709.17870797484283685
99.504748934509137825444 4079.49958522095585067 99.504748934509137825444 709.41031123820323501
nan nan nan nan

