Time Pressure difference Time.1 Pressure.1 difference.1
(hr) (psi) (hr) (psi)
0.000200000000020850166 0.19020678611229741 0.000200000000020850166 0.15185101960767736
0.000399999999999067768 0.37987787260280925 0.000399999999999067768 0.39542563133812225
0.000600000000019917934 0.56909391912517393 0.000600000000019917934 0.57758870422378217
0.000799999999998135536 0.75789521694701889 0.000799999999998135536 0.76247359933073122
0.001007140329434719206 0.95302895338662263 0.001007140329434719206 0.95596918078377113
0.001267914553977789183 1.19813070450142667 0.001267914553977789183 1.20047423050942492
0.001596209851982166583 1.50586051174231272 0.001596209851982166583 1.50678392345691381
0.002009509145224797066 1.89201888103109117 0.002009509145224797066 1.89015777420611131
0.002529822128153114136 2.37629223222929609 0.002529822128153114136 2.36944138857211728
0.003184857364431081805 2.98315839927634929 0.003184857364431081805 2.96781847910653740
0.004009497869034817086 3.74297811067719222 0.004009497869034817086 3.71367703007824801
0.005047658755856332391 4.69329893109852936 0.005047658755856332391 4.64158094805565380
0.006354625877790454069 5.88039352093613843 0.006354625877790454069 5.79332807054031207
0.008000000000009777068 7.36104975981449439 0.008000000000009777068 7.21904764635627672
0.010071403294361402914 9.20461281166684309 0.010071403294361402914 8.97823760849462182
0.012679145539692626699 11.49525050044861629 0.012679145539692626699 11.14059723771480215
0.015962098519750611558 14.33437517978483733 0.015962098519750611558 13.78646209161825986
0.020095091452091651263 17.84310397092976075 0.020095091452091651263 17.00643610545662909
0.025298221281360611101 22.16450324783924941 0.025298221281360611101 20.89984018837170865
0.031848573644296607199 27.46532293574276906 0.031848573644296607199 25.57141126484576432
0.040094978690191851456 33.93670459596391709 0.040094978690191851456 31.12540284634929577
0.050476587558435426217 41.79317654889544542 0.050476587558435426217 37.65640198579943387
0.063546258777947173257 51.26910315736013501 0.063546258777947173257 45.23611242940611987
0.080000000000012505552 62.61155527347772676 0.080000000000012505552 53.89579197265063470
0.100714032943542974863 76.06862580717609035 0.100714032943542974863 63.60380270382672308
0.126791455396883634421 91.87191172636592285 0.126791455396883634421 74.24262695310204663
0.159620985197506115583 110.21419676638369367 0.159620985197506115583 85.58451595211380436
0.200950914520774404082 131.22068805487347731 0.200950914520774404082 97.27971248989541664
0.252982212813464002465 154.92127102803530647 0.252982212813464002465 108.85846619498676091
0.318485736442809752589 181.22272282456205517 0.318485736442809752589 119.75967606527180465
0.400949786901833249431 209.89425704496909475 0.400949786901833249431 129.39851546130876159
0.504765875584169521062 240.57100849742477067 0.504765875584169521062 137.24984795616833821
0.635462587779443310865 272.77811872388491565 0.635462587779443310865 142.95091057666650158
0.800000000000011368684 305.98150640102426223 0.800000000000011368684 146.38569461197599253
1.007140329435344483500 339.65060354836435863 1.007140329435344483500 147.71018509888483550
1.267914553968907398485 373.32029456439369142 1.267914553968907398485 147.33039111999940474
1.596209851975117999245 406.64275148764500045 1.596209851975117999245 145.80866667895659816
2.009509145207687197399 439.40538459621501488 2.009509145207687197399 143.74474948852494549
2.529822128134725289783 471.52700013554539282 2.529822128134725289783 141.69605518025252877
3.184857364427983839050 503.03799662130887782 3.184857364427983839050 140.07191158275927023
4.009497869018204596614 534.02760571437818271 4.009497869018204596614 139.11199220604228799
5.009497869018190385759 563.61257339544067690 5.009497869018190385759 138.89957571640962897
6.009497869018190385759 587.58621096669025974 6.009497869018190385759 139.24886865707378547
7.009497869018204596614 607.74822092279043773 7.009497869018204596614 139.88663931673431762
8.009497869018190385759 625.14434762933956335 8.009497869018190385759 140.65125192994528902
9.009497869018204596614 640.43651371125611149 9.009497869018204596614 141.47234543967948639
10.009497869018190385759 654.07099430657297034 10.009497869018190385759 142.30004428091433510
11.009497869018190385759 666.36360283288956907 11.009497869018190385759 143.07130188452464381
12.009497869018204596614 677.54628388846583675 12.009497869018204596614 143.81265669437664201
13.009497869018190385759 687.79390574735430164 13.009497869018190385759 144.51900362180339243
14.009497869018204596614 697.24405140661667701 14.009497869018204596614 145.18854096680328780
15.009497869018190385759 706.00501619163128453 15.009497869018190385759 145.82641171718358919
16.009497869018190385759 714.16451805864585367 16.009497869018190385759 146.42850264540550143
17.009497869018204596614 721.79448821787059387 17.009497869018204596614 146.98658708022628616
18.009497869018190385759 728.95399437783521535 18.009497869018190385759 147.50699378816744911
19.009497869018204596614 735.69204793186474944 19.009497869018204596614 147.97421805449712906
20.009497869018190385759 742.05068440796981122 20.009497869018190385759 148.41549898683652486
21.009497869018190385759 748.06570377423486207 21.009497869018190385759 148.83344889049905646
22.009497869018204596614 753.76774984833571125 22.009497869018204596614 149.23631757608342241
23.009497869018190385759 759.18629744891006794 23.009497869018190385759 149.63264250040185743
24.009497869018204596614 764.34609295511336313 24.009497869018204596614 150.00871851257429057
25.009497869018204596614 769.26833221310425870 25.009497869018204596614 150.37159644824455995
26.009497869018190385759 773.97159898352970231 26.009497869018190385759 150.70835821056931536
27.009497869018204596614 778.47284284752015537 27.009497869018204596614 151.01793096338914779
28.009497869018190385759 782.78557080471625795 28.009497869018190385759 151.30536996106070546
29.009497869018190385759 786.92087432030234595 29.009497869018190385759 151.57831637172409955
30.009497869018190385759 790.89062201823878695 30.009497869018190385759 151.83562884325900200
31.009497869018218807469 794.70650331843899039 31.009497869018218807469 152.07213982178686251
32.009497869018190385759 798.37863761789321870 32.009497869018190385759 152.29414479821946315
33.009497869018190385759 801.91617395409809887 33.009497869018190385759 152.52099578488474663
34.009497869018218807469 805.32772981941604939 34.009497869018218807469 152.73402412524356464
35.009497869018190385759 808.62060828298626802 35.009497869018190385759 152.94009045898442878
36.009497869018190385759 811.80159094051066404 36.009497869018190385759 153.14146748642684770
37.009497869018190385759 814.87697489413824314 37.009497869018190385759 153.33566366322000363
38.009497869018218807469 817.85232517314602774 38.009497869018218807469 153.52268822575305762
39.009497869018190385759 820.73286116360816322 39.009497869018190385759 153.69939124042636536
40.009497869018190385759 823.52342797831556709 40.009497869018190385759 153.86483050121347560
41.009497869018218807469 826.22857945086127529 41.009497869018218807469 154.02935705669344202
42.009497869018190385759 828.85249144799524856 42.009497869018190385759 154.18504538692138794
43.009497869018190385759 831.39903957115029698 43.009497869018190385759 154.33456381680616687
44.009497869018218807469 833.87201488159166729 44.009497869018218807469 154.47663576542854003
46.009497869018190385759 838.61093293776104929 46.009497869018190385759 154.74586232960410825
48.009497869018218807469 843.09416785625739976 48.009497869018218807469 154.99816010442893344
50.009497869018190385759 847.34332851501699224 50.009497869018190385759 155.23458292943229253
52.009497869018190385759 851.37766821968955355 52.009497869018190385759 155.45711483933038721
54.009497869018218807469 855.21428681604845679 54.009497869018218807469 155.66724451814761210
56.009497869018190385759 858.86849941413834131 56.009497869018190385759 155.86422980187461462
58.009497869018218807469 862.35385763634087652 58.009497869018218807469 156.04622499856480999
60.009497869018190385759 865.68256940235085040 60.009497869018190385759 156.22115413636251446
62.009497869018190385759 868.86562971624130114 62.009497869018190385759 156.38668083544573051
64.009497869018218807469 871.91296871887732323 64.009497869018218807469 156.54293156841202972
66.009497869018190385759 874.83355931266135030 66.009497869018190385759 156.68650581325974258
68.009497869018190385759 877.63552161486836667 68.009497869018190385759 156.82113752401303941
70.009497869018190385759 880.32637061871423612 70.009497869018190385759 156.95148619272322321
72.009497869018190385759 882.91296289582987811 72.009497869018190385759 157.07452787067938971
74.009497869018218807469 885.40156767037274221 74.009497869018218807469 157.19215650423080888
76.009497869018190385759 887.79781818363119328 76.009497869018190385759 157.30397338098759974
78.009497869018190385759 890.10687712954677409 78.009497869018190385759 157.40806328483026277
80.009497869018218807469 892.33360297142019135 80.009497869018218807469 157.51126911746135306
82.009497869018190385759 894.48266717566230000 82.009497869018190385759 157.61295738441577896
84.009497869018218807469 896.55831920308378358 84.009497869018218807469 157.70765605200827508
86.009497869018190385759 898.56447652103395285 86.009497869018190385759 157.79902679730034265
88.009497869018190385759 900.50466230877361795 88.009497869018190385759 157.88735566036714886
91.009497869018218807469 903.29839385767024851 91.009497869018218807469 158.01645321090342122
94.009497869018218807469 905.96137553693256450 94.009497869018218807469 158.14596684154170703
97.009497869018218807469 908.50321229243627386 97.009497869018218807469 158.28647575656822255
99.504748934509137825444 910.53158383586639957 99.504748934509137825444 158.33816888260091105
nan nan nan nan

