Time Pressure difference Time.1 Pressure.1 difference.1
(hr) (psi) (hr) (psi)
0.000200000000020850166 0.16861125581133787 0.000200000000020850166 0.13461029249064849
0.000399999999999067768 0.33674763379201000 0.000399999999999067768 0.35053014481064981
0.000600000000019917934 0.50448063573104940 0.000600000000019917934 0.51201094741234832
0.000799999999998135536 0.67184597834168036 0.000799999999998135536 0.67590454438488401
0.001007140329434719206 0.84482479274010669 0.001007140329434719206 0.84743119519260057
0.001267914553977789183 1.06209839744012924 0.001267914553977789183 1.06417584625944661
0.001596209851982166583 1.33488944927375308 0.001596209851982166583 1.33570801948363971
0.002009509145224797066 1.67720451025900208 0.002009509145224797066 1.67555470813904206
0.002529822128153114136 2.10649486088448556 0.002529822128153114136 2.10042184227135298
0.003184857364431081805 2.64445919237161098 0.003184857364431081805 2.63086092252675607
0.004009497869034817086 3.31801116361340620 0.004009497869034817086 3.29203684325713697
0.005047658755856332391 4.16043529700000647 0.005047658755856332391 4.11458922469562260
0.006354625877790454069 5.21275058842810513 0.006354625877790454069 5.13557029833922929
0.008000000000009777068 6.52529738533773962 0.008000000000009777068 6.39941778257783511
0.010071403294361402914 8.15954760160859927 0.010071403294361402914 7.95887438656946777
0.012679145539692626699 10.19011288904397006 0.012679145539692626699 9.87572593561617751
0.015962098519750611558 12.70689153491843548 0.015962098519750611558 12.22118691964413451
0.020095091452091651263 15.81724937161022382 0.020095091452091651263 15.07557436422574604
0.025298221281360611101 19.64800942930728311 0.025298221281360611101 18.52693256873125449
0.031848573644296607199 24.34698932731782506 0.031848573644296607199 22.66810692909908553
0.040094978690191851456 30.08362896498111638 0.040094978690191851456 27.59151431357601325
0.050476587558435426217 37.04809973548373137 0.050476587558435426217 33.38100263369993570
0.063546258777947173257 45.44815694735417821 0.063546258777947173257 40.10013459899319344
0.080000000000012505552 55.50281974024444764 0.080000000000012505552 47.77661908492611076
0.100714032943542974863 67.43201327011679780 0.100714032943542974863 56.38241025710404131
0.126791455396883634421 81.44103965263005307 0.126791455396883634421 65.81333306323018917
0.159620985197506115583 97.70079451343181631 0.159620985197506115583 75.86749667370787620
0.200950914520774404082 116.32226932375246520 0.200950914520774404082 86.23485430326974210
0.252982212813464002465 137.33195641349851712 0.252982212813464002465 96.49898968376554365
0.318485736442809752589 160.64721717635850951 0.318485736442809752589 106.16250760371255524
0.400949786901833249431 186.06346803549661217 0.400949786901833249431 114.70698095478462619
0.504765875584169521062 213.25726954138531255 0.504765875584169521062 121.66689578647236658
0.635462587779443310865 241.80767729671896404 0.635462587779443310865 126.72067618804935307
0.800000000000011368684 271.24124803234900583 0.800000000000011368684 129.76548474336735239
1.007140329435344483500 301.08765292715276018 1.007140329435344483500 130.93959639770139347
1.267914553968907398485 330.93458426450615661 1.267914553968907398485 130.60292313257588148
1.596209851975117999245 360.47370546721373330 1.596209851975117999245 129.25397089881306556
2.009509145207687197399 389.51656363769279778 2.009509145207687197399 127.42438491777537024
2.529822128134725289783 417.99118352626948081 2.529822128134725289783 125.60829345673040791
3.184857364427983839050 445.92451228875847846 3.184857364427983839050 124.16855044235865080
4.009497869018204596614 473.39565048043129991 4.009497869018204596614 123.31761754509425089
5.009497869018190385759 499.62162619770504079 5.009497869018190385759 123.12931821148974620
6.009497869018190385759 520.87336605344160034 6.009497869018190385759 123.43895343836672396
7.009497869018204596614 538.74623950797581529 7.009497869018204596614 124.00431345544571116
8.009497869018190385759 554.16726012557171543 8.009497869018190385759 124.68211415623967753
9.009497869018204596614 567.72319774403922565 9.009497869018204596614 125.40998307534906075
10.009497869018190385759 579.80965870844681831 10.009497869018190385759 126.14370737565768366
11.009497869018190385759 590.70659989116393263 11.009497869018190385759 126.82739861379256752
12.009497869018204596614 600.61963156925150997 12.009497869018204596614 127.48458213518978255
13.009497869018190385759 609.70376797691221782 13.009497869018190385759 128.11073246823619343
14.009497869018204596614 618.08097133424973890 14.009497869018204596614 128.70425247275574065
15.009497869018190385759 625.84724142751599629 15.009497869018190385759 129.26970121654267132
16.009497869018190385759 633.08033696901793519 16.009497869018190385759 129.80343247605813417
17.009497869018204596614 639.84402230667126332 17.009497869018204596614 130.29815361260233431
18.009497869018190385759 646.19065877161801836 18.009497869018190385759 130.75947484278600541
19.009497869018204596614 652.16369314484086317 19.009497869018204596614 131.17365181250181649
20.009497869018190385759 657.80038836165010707 20.009497869018190385759 131.56483097959744555
21.009497869018190385759 663.13247976493312308 21.009497869018190385759 131.93532805576990086
22.009497869018204596614 668.18713196162502754 22.009497869018204596614 132.29245619189927652
23.009497869018190385759 672.99047328440497040 23.009497869018190385759 132.64378352655711524
24.009497869018204596614 677.56444047986030910 24.009497869018204596614 132.97716095219468002
25.009497869018204596614 681.92782287886541326 25.009497869018204596614 133.29883877289802285
26.009497869018190385759 686.09709429544341219 26.009497869018190385759 133.59736557530817436
27.009497869018204596614 690.08727990413365205 27.009497869018204596614 133.87179032999125639
28.009497869018190385759 693.91035315876592904 28.009497869018190385759 134.12659433229399042
29.009497869018190385759 697.57614623153449429 29.009497869018190385759 134.36855119414843784
30.009497869018190385759 701.09518021704138846 30.009497869018190385759 134.59664914926452184
31.009497869018218807469 704.47781735215335175 31.009497869018218807469 134.80630735293769362
32.009497869018190385759 707.73302810669144947 32.009497869018190385759 135.00310652418582436
33.009497869018190385759 710.86892276280309488 33.009497869018190385759 135.20420150363145240
34.009497869018218807469 713.89314040760450553 34.009497869018218807469 135.39304322019407323
35.009497869018190385759 716.81215494081311590 35.009497869018190385759 135.57571337630497510
36.009497869018190385759 719.63197799529973508 36.009497869018190385759 135.75422663643954024
37.009497869018190385759 722.35819171838454622 37.009497869018190385759 135.92637433901163035
38.009497869018218807469 724.99572930195927256 38.009497869018218807469 136.09216467173740739
39.009497869018190385759 727.54921753804569562 39.009497869018190385759 136.24880533539979410
40.009497869018190385759 730.02295143929279675 40.009497869018190385759 136.39546109932896911
41.009497869018218807469 732.42096781015220586 41.009497869018218807469 136.54130778388110912
42.009497869018190385759 734.74696840149795207 42.009497869018190385759 136.67931970980367851
43.009497869018190385759 737.00438879014632221 43.009497869018190385759 136.81186224808578800
44.009497869018218807469 739.19658961119262131 44.009497869018218807469 136.93780375712663044
46.009497869018190385759 743.39746456928162388 46.009497869018190385759 137.17646311314251761
48.009497869018218807469 747.37168591624561031 48.009497869018218807469 137.40011572576017329
50.009497869018190385759 751.13840912029888841 50.009497869018190385759 137.60969578460594676
52.009497869018190385759 754.71470152225742822 52.009497869018190385759 137.80696206281251648
54.009497869018218807469 758.11572150068923293 54.009497869018218807469 137.99323422351076829
56.009497869018190385759 761.35504533218374945 56.009497869018190385759 138.16785436585391267
58.009497869018218807469 764.44468602697463666 58.009497869018218807469 138.32918635243953531
60.009497869018190385759 767.39546545273901756 60.009497869018190385759 138.48425454009426971
62.009497869018190385759 770.21713027247585615 62.009497869018190385759 138.63098781482742083
64.009497869018218807469 772.91848318747645408 64.009497869018218807469 138.76949828990237279
66.009497869018190385759 775.50747834266496739 66.009497869018190385759 138.89677152878485344
68.009497869018190385759 777.99131392060382950 68.009497869018190385759 139.01611754312071412
70.009497869018190385759 780.37665168383830405 70.009497869018190385759 139.13166679966292349
72.009497869018190385759 782.66956972861783015 72.009497869018190385759 139.24073868012189337
74.009497869018218807469 784.87562548945709295 74.009497869018218807469 139.34501209763689644
76.009497869018190385759 786.99981262566427631 76.009497869018190385759 139.44413360847374861
78.009497869018190385759 789.04670767379036533 78.009497869018190385759 139.53640544463118545
80.009497869018218807469 791.02061748121525397 80.009497869018218807469 139.62789358447446375
82.009497869018190385759 792.92568312951732423 82.009497869018190385759 139.71803645867427690
84.009497869018218807469 794.76567160797378619 84.009497869018218807469 139.80198331247893861
86.009497869018190385759 796.54405560598218017 86.009497869018190385759 139.88298008668982675
88.009497869018190385759 798.26395829118359870 88.009497869018190385759 139.96128034521629502
91.009497869018218807469 800.74049761182129714 91.009497869018218807469 140.07572053193621286
94.009497869018218807469 803.10113202618913419 94.009497869018218807469 140.19052955822257900
97.009497869018218807469 805.35437596229064638 97.009497869018218807469 140.31508549599715252
99.504748934509137825444 807.15245204664131506 99.504748934509137825444 140.36090953348465860
nan nan nan nan

