Time Pressure difference Time.1 Pressure.1 difference.1
(hr) (psi) (hr) (psi)
0.000200000000020850166 0.34635908213462024 0.000200000000020850166 0.27651473876157845
0.000399999999999067768 0.69174267631166586 0.000399999999999067768 0.72005453392138408
0.000600000000019917934 1.03629766059038220 0.000600000000019917934 1.05176633039876477
0.000799999999998135536 1.38009740378561929 0.000799999999998135536 1.38843445816993416
0.001007140329434719206 1.73542826883066237 0.001007140329434719206 1.74078230736608108
0.001267914553977789183 2.18174892479080773 0.001267914553977789183 2.18601639354772992
0.001596209851982166583 2.74211280959189674 0.001596209851982166583 2.74379430603289531
0.002009509145224797066 3.44529202353696506 0.002009509145224797066 3.44190302115261293
0.002529822128153114136 4.32713476349177473 0.002529822128153114136 4.31465964643918198
0.003184857364431081805 5.43221420304907276 0.003184857364431081805 5.40428081129880411
0.004009497869034817086 6.81581603559995219 0.004009497869034817086 6.76245991940012914
0.005047658755856332391 8.54631290073400329 0.005047658755856332391 8.45213648619741420
0.006354625877790454069 10.70796549445576318 0.006354625877790454069 10.54942273107122475
0.008000000000009777068 13.40418231372333757 0.008000000000009777068 13.14560204598501159
0.010071403294361402914 16.76123817670337957 0.010071403294361402914 16.34901782856880814
0.012679145539692626699 20.93239938291298330 0.012679145539692626699 20.28658972981254394
0.015962098519750611558 26.10233384266496159 0.015962098519750611558 25.10460564281578399
0.020095091452091651263 32.49159107370178390 0.020095091452091651263 30.96805177281840571
0.025298221281360611101 40.36068932030116940 0.025298221281360611101 38.05778759192578065
0.031848573644296607199 50.01327364281543453 0.031848573644296607199 46.56453492332176580
0.040094978690191851456 61.79740531230110889 0.040094978690191851456 56.67813531409456829
0.050476587558435426217 76.10373196894933301 0.050476587558435426217 68.57082807021119208
0.063546258777947173257 93.35902190663396993 0.063546258777947173257 82.37318289546877281
0.080000000000012505552 114.01318143685682571 0.080000000000012505552 98.14211900696643909
0.100714032943542974863 138.51797799822020352 0.100714032943542974863 115.82002501089844770
0.126791455396883634421 167.29514056722530313 0.126791455396883634421 135.19290584909848008
0.159620985197506115583 200.69572074926637129 0.159620985197506115583 155.84603996520286273
0.200950914520774404082 238.94771580297918945 0.200950914520774404082 177.14253322395802570
0.252982212813464002465 282.10554593314719796 0.252982212813464002465 198.22698866074006219
0.318485736442809752589 329.99945597311079837 0.318485736442809752589 218.07766340270018190
0.400949786901833249431 382.20919295961618900 0.400949786901833249431 235.62961112386796003
0.504765875584169521062 438.07035171801805973 0.504765875584169521062 249.92657902935457059
0.635462587779443310865 496.71823365877736478 0.635462587779443310865 260.30799000205212224
0.800000000000011368684 557.18029768221458653 0.800000000000011368684 266.56259673883835148
1.007140329435344483500 618.49040034789504716 1.007140329435344483500 268.97444186128808497
1.267914553968907398485 679.80158442511856265 1.267914553968907398485 268.28285195213868519
1.596209851975117999245 740.48046886614838513 1.596209851975117999245 265.51185155076382216
2.009509145207687197399 800.13993614245259778 2.009509145207687197399 261.75353946163710361
2.529822128134725289783 858.63213561800182561 2.529822128134725289783 258.02294764264320293
3.184857364427983839050 916.01242179513440078 3.184857364427983839050 255.06544598257906387
4.009497869018204596614 972.44328202137864992 4.009497869018204596614 253.31747052366651474
5.009497869018190385759 1026.31634544060602821 5.009497869018190385759 252.93066844429176854
6.009497869018190385759 1069.97139726248838087 6.009497869018190385759 253.56671716157106289
7.009497869018204596614 1106.68562499914241926 7.009497869018204596614 254.72807246759043664
8.009497869018190385759 1138.36328804119898450 8.009497869018190385759 256.12040198597020435
9.009497869018204596614 1166.20972147420866349 9.009497869018204596614 257.61558099714562786
10.009497869018190385759 1191.03757478533157155 10.009497869018190385759 259.12278805738549181
11.009497869018190385759 1213.42193179613514076 11.009497869018190385759 260.52721784212559442
12.009497869018204596614 1233.78515450432450962 12.009497869018204596614 261.87719581465091778
13.009497869018190385759 1252.44567116439611709 13.009497869018190385759 263.16342580913544680
14.009497869018204596614 1269.65401500680854951 14.009497869018204596614 264.38262700068548838
15.009497869018190385759 1285.60738756292698781 15.009497869018190385759 265.54416456797190449
16.009497869018190385759 1300.46551978364755087 16.009497869018190385759 266.64054848530167874
17.009497869018204596614 1314.35939557577307824 17.009497869018204596614 267.65679830766094938
18.009497869018190385759 1327.39657491509728970 18.009497869018190385759 268.60443847015648089
19.009497869018204596614 1339.66630562265345361 19.009497869018204596614 269.45523549661709239
20.009497869018190385759 1351.24513274289688525 20.009497869018190385759 270.25879073148831822
21.009497869018190385759 1362.19824661072470917 21.009497869018190385759 271.01986108007906751
22.009497869018204596614 1372.58144841378157253 22.009497869018204596614 271.75346912326108395
23.009497869018190385759 1382.44841063840817696 23.009497869018190385759 272.47516123435622148
24.009497869018204596614 1391.84419546848153004 24.009497869018204596614 273.15998087224227220
25.009497869018204596614 1400.80739970683180218 25.009497869018204596614 273.82076733151961889
26.009497869018190385759 1409.37186365123102405 26.009497869018190385759 274.43399726553457185
27.009497869018204596614 1417.56845182277697859 27.009497869018204596614 274.99771708180469432
28.009497869018190385759 1425.42175993697242120 28.009497869018190385759 275.52113219983544923
29.009497869018190385759 1432.95198511600915481 29.009497869018190385759 276.01815688650196989
30.009497869018190385759 1440.18073965766643596 30.009497869018190385759 276.48671278444976451
31.009497869018218807469 1447.12930953619684260 31.009497869018218807469 276.91738998115778259
32.009497869018190385759 1453.81612177581428114 32.009497869018190385759 277.32165231815508832
33.009497869018190385759 1460.25783641423095105 33.009497869018190385759 277.73473904933155154
34.009497869018218807469 1466.47014556636008820 34.009497869018218807469 278.12265528483214894
35.009497869018190385759 1472.46634783408444491 35.009497869018190385759 278.49789397989741246
36.009497869018190385759 1478.25879223665037898 36.009497869018190385759 278.86459363248911814
37.009497869018190385759 1483.85894554958804292 37.009497869018190385759 279.21821723826531070
38.009497869018218807469 1489.27694147249758316 38.009497869018218807469 279.55878161632762158
39.009497869018190385759 1494.52228430229092737 39.009497869018190385759 279.88055086138774641
40.009497869018190385759 1499.60379679894163019 40.009497869018190385759 280.18180925330136688
41.009497869018218807469 1504.52977131445049963 41.009497869018218807469 280.48140564472129199
42.009497869018190385759 1509.30781193805250950 42.009497869018190385759 280.76490797531096177
43.009497869018190385759 1513.94497598764041868 43.009497869018190385759 281.03717515986102171
44.009497869018218807469 1518.44816683678482150 44.009497869018218807469 281.29588259468869182
46.009497869018190385759 1527.07755037138144871 46.009497869018190385759 281.78613358709571912
48.009497869018218807469 1535.24134496095780378 48.009497869018218807469 282.24555791941861571
50.009497869018190385759 1542.97889952297850868 50.009497869018190385759 282.67607459202298514
52.009497869018190385759 1550.32527357035155546 52.009497869018190385759 283.08129645415186815
54.009497869018218807469 1557.31160525018412955 54.009497869018218807469 283.46393434090634855
56.009497869018190385759 1563.96578277596381668 56.009497869018190385759 283.82263680079347523
58.009497869018218807469 1570.31248311945046225 58.009497869018218807469 284.15404290131675680
60.009497869018190385759 1576.37393642262145477 60.009497869018190385759 284.47258198630203196
62.009497869018190385759 1582.17016415577586486 62.009497869018190385759 284.77399959991646483
64.009497869018218807469 1587.71924871516080202 64.009497869018218807469 285.05852604378958404
66.009497869018190385759 1593.03752940340518762 66.009497869018190385759 285.31996910100139075
68.009497869018190385759 1598.13979263493479266 68.009497869018190385759 285.56512815508051517
70.009497869018190385759 1603.03972291704712916 70.009497869018190385759 285.80248795792829242
72.009497869018190385759 1607.74980579721000140 72.009497869018190385759 286.02654201778733523
74.009497869018218807469 1612.28145728622462229 74.009497869018218807469 286.24073913652512147
76.009497869018190385759 1616.64493529508376923 76.009497869018190385759 286.44435327454948492
78.009497869018190385759 1620.84964088655465275 78.009497869018190385759 286.63389689857740450
80.009497869018218807469 1624.90442113136350599 80.009497869018218807469 286.82183066367417723
82.009497869018190385759 1628.81778258624967748 82.009497869018190385759 287.00700100131609815
84.009497869018218807469 1632.59746335234035541 84.009497869018218807469 287.17944355322032379
86.009497869018190385759 1636.25059698371705963 86.009497869018190385759 287.34582608940718274
88.009497869018190385759 1639.78359905134766450 88.009497869018190385759 287.50666947761180836
91.009497869018218807469 1644.87087440457867160 91.009497869018218807469 287.74175104343544263
94.009497869018218807469 1649.72005938384677393 94.009497869018218807469 287.97759027477246718
97.009497869018218807469 1654.34864421810448221 97.009497869018218807469 288.23345148685132244
99.504748934509137825444 1658.04222908103179179 99.504748934509137825444 288.32758263774928764
nan nan nan nan

