Time Pressure difference Time.1 Pressure.1 difference.1
(hr) (psi) (hr) (psi)
0.000200000000020850166 0.83641150050254809 0.000200000000020850166 0.66774662334031043
0.000399999999999067768 1.67046732624903482 0.000399999999999067768 1.73883672819864210
0.000600000000019917934 2.50252216838013197 0.000600000000019917934 2.53987696573514654
0.000799999999998135536 3.33275320290675969 0.000799999999998135536 3.35288608963339030
0.001007140329434719206 4.19083037580929751 0.001007140329434719206 4.20375967270418194
0.001267914553977789183 5.26863589272024768 0.001267914553977789183 5.27894126691262411
0.001596209851982166583 6.62184076560920865 0.001596209851982166583 6.62590135773411415
0.002009509145224797066 8.31992582182667562 0.002009509145224797066 8.31174182805918882
0.002529822128153114136 10.44945972862402428 0.002529822128153114136 10.41933396634114395
0.003184857364431081805 13.11808082127198105 0.003184857364431081805 13.05062536445538512
0.004009497869034817086 16.45929675743202125 0.004009497869034817086 16.33044877418688401
0.005047658755856332391 20.63821844373894621 0.005047658755856332391 20.41079482398271949
0.006354625877790454069 25.85832434752266806 0.006354625877790454069 25.47546448486504289
0.008000000000009777068 32.36933234992662278 0.008000000000009777068 31.74489510864965425
0.010071403294361402914 40.47617948187122749 0.010071403294361402914 39.48072171071652292
0.012679145539692626699 50.54898364171073410 0.012679145539692626699 48.98943850820439394
0.015962098519750611558 63.03369347617175578 0.015962098519750611558 60.62431146838248708
0.020095091452091651263 78.46290698133741159 0.020095091452091651263 74.78376051613462039
0.025298221281360611101 97.46574135621888502 0.025298221281360611101 91.90453742222844369
0.031848573644296607199 120.77545937245837138 0.031848573644296607199 112.44721023449645259
0.040094978690191851456 149.23258309229549923 0.040094978690191851456 136.87022125010366835
0.050476587558435426217 183.78047504252273825 0.050476587558435426217 165.58950567554597910
0.063546258777947173257 225.44972436446138886 0.063546258777947173257 198.92037212406970070
0.080000000000012505552 275.32679546022740169 0.080000000000012505552 237.00027299763837618
0.100714032943542974863 334.50264710841190663 0.100714032943542974863 279.69008437883633178
0.126791455396883634421 403.99569916353931376 0.126791455396883634421 326.47303642695965209
0.159620985197506115583 484.65369495086622464 0.159620985197506115583 376.34763128287602285
0.200950914520774404082 577.02721777841748008 0.200950914520774404082 427.77585361277152742
0.252982212813464002465 681.24768526301977545 0.252982212813464002465 478.69203256922122591
0.318485736442809752589 796.90516106696065890 0.318485736442809752589 526.62879387654459151
0.400949786901833249431 922.98478971302995433 0.400949786901833249431 569.01443261806957707
0.504765875584169521062 1057.88212033583749871 0.504765875584169521062 603.53972441860923936
0.635462587779443310865 1199.50901989062072062 0.635462587779443310865 628.60946266682606165
0.800000000000011368684 1345.51692989446041793 0.800000000000011368684 643.71351298803415375
1.007140329435344483500 1493.57274136769842698 1.007140329435344483500 649.53780084968127539
1.267914553968907398485 1641.63116430718082484 1.267914553968907398485 647.86770243597982244
1.596209851975117999245 1788.16266702208963579 1.596209851975117999245 641.17610194632891307
2.009509145207687197399 1932.23241173968790463 2.009509145207687197399 632.10027395172312481
2.529822128134725289783 2073.48335867464720650 2.529822128134725289783 623.09138675333747415
3.184857364427983839050 2212.04918164916125534 3.184857364427983839050 615.94941032243923473
4.009497869018204596614 2348.32226617632659327 4.009497869018204596614 611.72828013748733156
5.009497869018190385759 2478.41860877383714978 5.009497869018190385759 610.79420413285811264
6.009497869018190385759 2583.83980106313128999 6.009497869018190385759 612.33017789376981455
7.009497869018204596614 2672.49981864301298629 7.009497869018204596614 615.13469778144747124
8.009497869018190385759 2748.99719678054589167 8.009497869018190385759 618.49698992775051920
9.009497869018204596614 2816.24266073028320534 9.009497869018204596614 622.10765003387450633
10.009497869018190385759 2876.19865181973364088 10.009497869018190385759 625.74735629205565601
11.009497869018190385759 2930.25392162759681014 11.009497869018190385759 629.13886898566067885
12.009497869018204596614 2979.42841867111428655 12.009497869018204596614 632.39888773466054772
13.009497869018190385759 3024.49110518596398833 13.009497869018190385759 635.50496352469883732
14.009497869018204596614 3066.04698587975099144 14.009497869018204596614 638.44917359637952359
15.009497869018190385759 3104.57227644092881746 15.009497869018190385759 641.25413362097765457
16.009497869018190385759 3140.45270604828056094 16.009497869018190385759 643.90175617433760635
17.009497869018204596614 3174.00458356067974819 17.009497869018204596614 646.35586545758894772
18.009497869018190385759 3205.48765213310025501 18.009497869018190385759 648.64429146150496308
19.009497869018204596614 3235.11743348204299764 19.009497869018204596614 650.69885406497212443
20.009497869018190385759 3263.07877379399815254 20.009497869018190385759 652.63933397268294812
21.009497869018190385759 3289.52909912949553473 21.009497869018190385759 654.47721848354831309
22.009497869018204596614 3314.60316199682984006 22.009497869018204596614 656.24878514897818604
23.009497869018190385759 3338.43057437140805632 23.009497869018190385759 657.99157641006399899
24.009497869018204596614 3361.12015548383897112 24.009497869018204596614 659.64532551162596974
25.009497869018204596614 3382.76511152225384649 25.009497869018204596614 661.24103765669121913
26.009497869018190385759 3403.44716234242105202 26.009497869018190385759 662.72190706569131180
27.009497869018204596614 3423.24084169193383786 27.009497869018204596614 664.08321607044922530
28.009497869018190385759 3442.20554497969078511 28.009497869018190385759 665.34719454492631030
29.009497869018190385759 3460.39004559189743304 29.009497869018190385759 666.54744360841129946
30.009497869018190385759 3477.84653437714632673 30.009497869018190385759 667.67894430201658906
31.009497869018218807469 3494.62641415575581050 31.009497869018218807469 668.71897292811956959
32.009497869018190385759 3510.77418376077957873 32.009497869018190385759 669.69521315199563105
33.009497869018190385759 3526.33007498592451157 33.009497869018190385759 670.69276312392537420
34.009497869018218807469 3541.33198221900420322 34.009497869018218807469 671.62952966864736482
35.009497869018190385759 3555.81201982955099083 35.009497869018190385759 672.53568162531587404
36.009497869018190385759 3569.80000907028033907 36.009497869018190385759 673.42121292066315164
37.009497869018190385759 3583.32364069169125287 37.009497869018190385759 674.27516728760940623
38.009497869018218807469 3596.40738624173854987 38.009497869018218807469 675.09758534206684999
39.009497869018190385759 3609.07419734390168742 39.009497869018190385759 675.87461562929843240
40.009497869018190385759 3621.34537979984179401 40.009497869018190385759 676.60211491144968932
41.009497869018218807469 3633.24095854592724208 41.009497869018218807469 677.32560068161706113
42.009497869018190385759 3644.77929645472113407 42.009497869018190385759 678.01022141759744954
43.009497869018190385759 3655.97743601811453118 43.009497869018190385759 678.66771075774590827
44.009497869018218807469 3666.85204797276355748 44.009497869018218807469 679.29245509077099996
46.009497869018190385759 3687.69087104072241345 46.009497869018190385759 680.47634657603202868
48.009497869018218807469 3707.40535821507091896 48.009497869018218807469 681.58579574305656479
50.009497869018190385759 3726.09053194158150291 50.009497869018190385759 682.62543672462152244
52.009497869018190385759 3743.83105631977014127 52.009497869018190385759 683.60399407513409642
54.009497869018218807469 3760.70212586795059906 54.009497869018218807469 684.52801410381937330
56.009497869018190385759 3776.77108694339449357 56.009497869018190385759 685.39423323357084428
58.009497869018218807469 3792.09753117814580037 58.009497869018218807469 686.19453525569770136
60.009497869018190385759 3806.73514143304555546 60.009497869018190385759 686.96376513238885764
62.009497869018190385759 3820.73226691814443257 62.009497869018190385759 687.69164891394700589
64.009497869018218807469 3834.13257423541244862 64.009497869018218807469 688.37874274843181865
66.009497869018190385759 3846.97552064563342356 66.009497869018190385759 689.01009324870119599
68.009497869018190385759 3859.29681338939917623 68.009497869018190385759 689.60212002917523932
70.009497869018190385759 3871.12949874692230878 70.009497869018190385759 690.17531264660385659
72.009497869018190385759 3882.50372766856207818 72.009497869018190385759 690.71637364966875339
74.009497869018218807469 3893.44706831469602548 74.009497869018218807469 691.23363144000188640
76.009497869018190385759 3903.98429218740875513 76.009497869018190385759 691.72533272774899160
78.009497869018190385759 3914.13810161333458382 78.009497869018190385759 692.18305558001782174
80.009497869018218807469 3923.92986110139781886 80.009497869018218807469 692.63689083529948221
82.009497869018190385759 3933.38011286415712675 82.009497869018190385759 693.08405277775864306
84.009497869018218807469 3942.50754339521972724 84.009497869018218807469 693.50047879638577797
86.009497869018190385759 3951.32937928681803896 86.009497869018190385759 693.90227067633827573
88.009497869018190385759 3959.86111329665936864 88.009497869018190385759 694.29068624449655545
91.009497869018218807469 3972.14621229115255119 91.009497869018218807469 694.85837721999882888
94.009497869018218807469 3983.85635443533237776 94.009497869018218807469 695.42789785778381884
97.009497869018218807469 3995.03377632525462104 97.009497869018218807469 696.04576893827163531
99.504748934509137825444 4003.95329660575271191 99.504748934509137825444 696.27308325231069830
nan nan nan nan

