Time Pressure difference Time.1 Pressure.1 difference.1
(hr) (psi) (hr) (psi)
0.000200000000020850166 0.57477334493323062 0.000200000000020850166 0.45886858326861457
0.000399999999999067768 1.14792789450281241 0.000399999999999067768 1.19491064142349601
0.000600000000019917934 1.71970738879746876 0.000600000000019917934 1.74537721975046822
0.000799999999998135536 2.29023358134208310 0.000799999999998135536 2.30406869317408747
0.001007140329434719206 2.87989535259189067 0.001007140329434719206 2.88878023188807687
0.001267914553977789183 3.62055217255452932 0.001267914553977789183 3.62763391926865530
0.001596209851982166583 4.55046058570166068 0.001596209851982166583 4.55325098267329409
0.002009509145224797066 5.71736709901098195 0.002009509145224797066 5.71174314301584651
0.002529822128153114136 7.18076080656189131 0.002529822128153114136 7.16005869385111282
0.003184857364431081805 9.01460966069534386 0.003184857364431081805 8.96825496743110762
0.004009497869034817086 11.31065874492845857 0.004009497869034817086 11.22211574154649583
0.005047658755856332391 14.18237056908376559 0.005047658755856332391 14.02608740635158391
0.006354625877790454069 17.76957343444457393 0.006354625877790454069 17.50647609089037715
0.008000000000009777068 22.24387088991978345 0.008000000000009777068 21.81476406671853141
0.010071403294361402914 27.81481251385788411 0.010071403294361402914 27.13074421431562300
0.012679145539692626699 34.73673950353904871 0.012679145539692626699 33.66503619431721717
0.015962098519750611558 43.31610316336727351 0.015962098519750611558 41.66040073100365504
0.020095091452091651263 53.91889933573533256 0.020095091452091651263 51.39062788199121457
0.025298221281360611101 66.97745086246621327 0.025298221281360611101 63.15584895350752959
0.031848573644296607199 82.99564834731002350 0.031848573644296607199 77.27256155141165550
0.040094978690191851456 102.55108987077306892 0.040094978690191851456 94.05580248765814133
0.050476587558435426217 126.29204441849627472 0.050476587558435426217 113.79139814049435131
0.063546258777947173257 154.92672220477388123 0.063546258777947173257 136.69602533252853505
0.080000000000012505552 189.20173034605497264 0.080000000000012505552 162.86413993482202045
0.100714032943542974863 229.86676444788582785 0.100714032943542974863 192.20013742815760338
0.126791455396883634421 277.62167211635465947 0.126791455396883634421 224.34889891505071091
0.159620985197506115583 333.04901380933409882 0.159620985197506115583 258.62220540988101902
0.200950914520774404082 396.52714468983600682 0.200950914520774404082 293.96314865942201777
0.252982212813464002465 468.14637358690140445 0.252982212813464002465 328.95222099096434931
0.318485736442809752589 547.62499648295602128 0.318485736442809752589 361.89386828457685397
0.400949786901833249431 634.26561517519041900 0.400949786901833249431 391.02084148133485542
0.504765875584169521062 726.96566759920506229 0.504765875584169521062 414.74626543960039271
0.635462587779443310865 824.29021029226373685 0.635462587779443310865 431.97393065088743924
0.800000000000011368684 924.62533812012577528 0.800000000000011368684 442.35327804142963259
1.007140329435344483500 1026.36776268763401276 1.007140329435344483500 446.35566850842053555
1.267914553968907398485 1128.11198182777479815 1.267914553968907398485 445.20799412681043350
1.596209851975117999245 1228.80691715917191686 1.596209851975117999245 440.60959537920518869
2.009509145207687197399 1327.81015781913015417 2.009509145207687197399 434.37278011379589771
2.529822128134725289783 1424.87634975457376640 2.529822128134725289783 428.18196587220415950
3.184857364427983839050 1520.09735223557072459 3.184857364427983839050 423.27407342912403010
4.009497869018204596614 1613.74280853427808324 4.009497869018204596614 420.37335636061692412
5.009497869018190385759 1703.14367157050196511 5.009497869018190385759 419.73146897709813175
6.009497869018190385759 1775.58802615261856772 6.009497869018190385759 420.78697428251120982
7.009497869018204596614 1836.51427457891259110 7.009497869018204596614 422.71421138506616444
8.009497869018190385759 1889.08248279258941693 8.009497869018190385759 425.02474382324072621
9.009497869018204596614 1935.29287112746374078 9.009497869018204596614 427.50595215833283191
10.009497869018190385759 1976.49400899628153638 10.009497869018190385759 430.00712070913851903
11.009497869018190385759 2013.64023214130816086 11.009497869018190385759 432.33773320563773268
12.009497869018204596614 2047.43243864986197877 12.009497869018204596614 434.57798442143507600
13.009497869018190385759 2078.39905142868610710 13.009497869018190385759 436.71244762571160436
14.009497869018204596614 2106.95582346453602440 14.009497869018204596614 438.73567838003441466
15.009497869018190385759 2133.43000526030073161 15.009497869018190385759 440.66321794013560975
16.009497869018190385759 2158.08666592394274630 16.009497869018190385759 442.48263681493710919
17.009497869018204596614 2181.14316963653482162 17.009497869018204596614 444.16907536906808218
18.009497869018190385759 2202.77800921162406667 18.009497869018190385759 445.74165808476806205
19.009497869018204596614 2223.13928894694527116 19.009497869018204596614 447.15353228695204280
20.009497869018190385759 2242.35403323281707344 20.009497869018190385759 448.48701003882479199
21.009497869018190385759 2260.53042363218582977 21.009497869018190385759 449.74998529356048493
22.009497869018204596614 2277.76106067706632530 22.009497869018204596614 450.96738760982412941
23.009497869018190385759 2294.13501237836590008 23.009497869018190385759 452.16501576540650831
24.009497869018204596614 2309.72705818750409890 24.009497869018204596614 453.30145506856518978
25.009497869018204596614 2324.60124843435869479 25.009497869018204596614 454.39801197460803905
26.009497869018190385759 2338.81374015983692516 26.009497869018190385759 455.41565013848895660
27.009497869018204596614 2352.41575218551952275 27.009497869018204596614 456.35112762735934666
28.009497869018190385759 2365.44810042298558983 28.009497869018190385759 457.21972058102193159
29.009497869018190385759 2377.94430143951649370 29.009497869018190385759 458.04451934162921134
30.009497869018190385759 2389.94022024725427400 30.009497869018190385759 458.82207493246818331
31.009497869018218807469 2401.47118033344895593 31.009497869018218807469 459.53677186321618819
32.009497869018190385759 2412.56776083660315635 32.009497869018190385759 460.20763406274176077
33.009497869018190385759 2423.25760862985089261 33.009497869018190385759 460.89314010104908448
34.009497869018218807469 2433.56676434513474305 34.009497869018218807469 461.53687639593249514
35.009497869018190385759 2443.51729664553067778 35.009497869018190385759 462.15957466208402593
36.009497869018190385759 2453.12969838791832444 36.009497869018190385759 462.76810262273971830
37.009497869018190385759 2462.42299837005975860 37.009497869018190385759 463.35493124431548040
38.009497869018218807469 2471.41401318697398892 38.009497869018218807469 463.92008843764676840
39.009497869018190385759 2480.11851495727887595 39.009497869018190385759 464.45405562609192884
40.009497869018190385759 2488.55114480783595354 40.009497869018190385759 464.95398561938742432
41.009497869018218807469 2496.72566366810497129 41.009497869018218807469 465.45115756869813595
42.009497869018190385759 2504.65469031446582449 42.009497869018190385759 465.92162186790210399
43.009497869018190385759 2512.34993617133613952 43.009497869018190385759 466.37344175209545938
44.009497869018218807469 2519.82285719677474845 44.009497869018218807469 466.80275960557452208
46.009497869018190385759 2534.14308119183715462 46.009497869018190385759 467.61631760736264596
48.009497869018218807469 2547.69067317262033612 48.009497869018218807469 468.37871961687699240
50.009497869018190385759 2560.53093158249657790 50.009497869018190385759 469.09315016230198125
52.009497869018190385759 2572.72203671626675714 52.009497869018190385759 469.76560466732149735
54.009497869018218807469 2584.31566147032981462 54.009497869018218807469 470.40058168802687533
56.009497869018190385759 2595.35808556586789564 56.009497869018190385759 470.99583852793546157
58.009497869018218807469 2605.89025975697768445 58.009497869018218807469 471.54579781225703528
60.009497869018190385759 2615.94907435120876471 60.009497869018190385759 472.07440463913911799
62.009497869018190385759 2625.56775442637126616 62.009497869018190385759 472.57459885645607756
64.009497869018218807469 2634.77630722036292354 64.009497869018218807469 473.04676264341094338
66.009497869018190385759 2643.60184735529128375 66.009497869018190385759 473.48062018679365792
68.009497869018190385759 2652.06891247811745416 68.009497869018190385759 473.88745487605689277
70.009497869018190385759 2660.20021165131129237 70.009497869018190385759 474.28134692298897335
72.009497869018190385759 2668.01646429656921100 72.009497869018190385759 474.65315845637616121
74.009497869018218807469 2675.53661496898621408 74.009497869018218807469 475.00861266780663072
76.009497869018190385759 2682.77768638896395714 76.009497869018190385759 475.34650471460014387
78.009497869018190385759 2689.75527936090065850 78.009497869018190385759 475.66104713145216465
80.009497869018218807469 2696.48407535468459173 80.009497869018218807469 475.97291803180456782
82.009497869018190385759 2702.97819076663017768 82.009497869018190385759 476.28020310050538910
84.009497869018218807469 2709.25046676215697516 84.009497869018218807469 476.56636675978052153
86.009497869018190385759 2715.31274127753522407 86.009497869018190385759 476.84247399009541368
88.009497869018190385759 2721.17566077585752282 88.009497869018190385759 477.10938915709198227
91.009497869018218807469 2729.61785392798174144 91.009497869018218807469 477.49950053251160398
94.009497869018218807469 2737.66494267055622913 94.009497869018218807469 477.89086923295576526
97.009497869018218807469 2745.34595155618262652 97.009497869018218807469 478.31546385827607537
99.504748934509137825444 2751.47535377475787755 99.504748934509137825444 478.47167190724826469
nan nan nan nan

