Time Pressure difference Time.1 Pressure.1 difference.1
(hr) (psi) (hr) (psi)
0.000200000000020850166 0.24917919578030229 0.000200000000020850166 0.19893146673494849
0.000399999999999067768 0.49765660166306891 0.000399999999999067768 0.51802484454775832
0.000600000000019917934 0.74553788531682175 0.000600000000019917934 0.75666642474731283
0.000799999999998135536 0.99287583006159674 0.000799999999998135536 0.99887371091362165
0.001007140329434719206 1.24850954592133978 0.001007140329434719206 1.25236137220581378
0.001267914553977789183 1.56960354301496952 0.001267914553977789183 1.57267366442282719
0.001596209851982166583 1.97274302848337868 0.001596209851982166583 1.97395273815316208
0.002009509145224797066 2.47862735506256460 0.002009509145224797066 2.47618922385080120
0.002529822128153114136 3.11304659244012605 0.002529822128153114136 3.10407168808574285
0.003184857364431081805 3.90806777197775013 0.003184857364431081805 3.88797180668978681
0.004009497869034817086 4.90346477381291557 0.004009497869034817086 4.86507907870512835
0.005047658755856332391 6.14842654729064986 0.005047658755856332391 6.08067373107727605
0.006354625877790454069 7.70357229816961286 0.006354625877790454069 7.58951275616634824
0.008000000000009777068 9.64329662857794112 0.008000000000009777068 9.45726765898202260
0.010071403294361402914 12.05844473144127882 0.010071403294361402914 11.76188332990561669
0.012679145539692626699 15.05928013159207524 0.012679145539692626699 14.59466887036873572
0.015962098519750611558 18.77865744076616039 0.015962098519750611558 18.06086736893221811
0.020095091452091651263 23.37524537676387482 0.020095091452091651263 22.27917393727942752
0.025298221281360611101 29.03646713690731573 0.025298221281360611101 27.37970330354372450
0.031848573644296607199 35.98077240490319184 0.031848573644296607199 33.49966541246170237
0.040094978690191851456 44.45856497287849862 0.040094978690191851456 40.77563691661480050
0.050476587558435426217 54.75088630859664107 0.050476587558435426217 49.33153098576344320
0.063546258777947173257 67.16476396160716433 0.063546258777947173257 59.26128265861063937
0.080000000000012505552 82.02387153730707325 0.080000000000012505552 70.60584101220607067
0.100714032943542974863 99.65322158145339415 0.100714032943542974863 83.32375900064637619
0.126791455396883634421 120.35621623541388203 0.126791455396883634421 97.26108334467517125
0.159620985197506115583 144.38541061098300133 0.159620985197506115583 112.11945321237615758
0.200950914520774404082 171.90483151293469177 0.200950914520774404082 127.44067138414247609
0.252982212813464002465 202.95363016773183062 0.252982212813464002465 142.60934436024467686
0.318485736442809752589 237.40968055619484289 0.318485736442809752589 156.89040532568358799
0.400949786901833249431 274.97064241699007425 0.400949786901833249431 169.51770584450929391
0.504765875584169521062 315.15852641584035609 0.504765875584169521062 179.80329426572271245
0.635462587779443310865 357.35124723653046885 0.635462587779443310865 187.27193525327490420
0.800000000000011368684 400.84913502317590428 0.800000000000011368684 191.77165233009952772
1.007140329435344483500 444.95712255244245625 1.007140329435344483500 193.50679270596265269
1.267914553968907398485 489.06588807562485499 1.267914553968907398485 193.00924600873284476
1.596209851975117999245 532.71976177420742715 1.596209851975117999245 191.01572054011785440
2.009509145207687197399 575.64024182910270611 2.009509145207687197399 188.31189889326412867
2.529822128134725289783 617.72096087626039207 2.529822128134725289783 185.62801988679370879
3.184857364427983839050 659.00174229865774578 3.184857364427983839050 183.50032085077631905
4.009497869018204596614 699.59948346861767732 4.009497869018204596614 182.24278454940036909
5.009497869018190385759 738.35708305079560887 5.009497869018190385759 181.96450967215236005
6.009497869018190385759 769.76359515286935675 6.009497869018190385759 182.42209867738924345
7.009497869018204596614 796.17670863247656143 7.009497869018204596614 183.25760609179167204
8.009497869018190385759 818.96639427424395308 8.009497869018190385759 184.25928200429513026
9.009497869018204596614 838.99979962173290460 9.009497869018204596614 185.33495035765872672
10.009497869018190385759 856.86156459376366001 10.009497869018190385759 186.41927198373056740
11.009497869018190385759 872.96541855837051571 11.009497869018190385759 187.42965312383140031
12.009497869018204596614 887.61521906785924330 12.009497869018204596614 188.40086029830999337
13.009497869018190385759 901.04005119740736518 13.009497869018190385759 189.32620561808306547
14.009497869018204596614 913.42015468115721433 14.009497869018204596614 190.20332877747156886
15.009497869018190385759 924.89740112440790654 15.009497869018190385759 191.03896731508768880
16.009497869018190385759 935.58670488032203139 16.009497869018190385759 191.82773272323862557
17.009497869018204596614 945.58229897537637498 17.009497869018204596614 192.55884770335322287
18.009497869018190385759 954.96156468712024434 18.009497869018190385759 193.24060321593989897
19.009497869018204596614 963.78870908104556747 19.009497869018204596614 193.85268740763814321
20.009497869018190385759 972.11880053445827343 20.009497869018190385759 194.43078469891247551
21.009497869018190385759 979.99873856886665635 21.009497869018190385759 194.97831732379790992
22.009497869018204596614 987.46866792358389375 22.009497869018204596614 195.50609289443241323
23.009497869018190385759 994.56720189813552224 23.009497869018190385759 196.02529585205485319
24.009497869018204596614 1001.32675932984284373 24.009497869018204596614 196.51797185053402472
25.009497869018204596614 1007.77510770275671348 25.009497869018204596614 196.99335779246013090
26.009497869018190385759 1013.93659255484237747 26.009497869018190385759 197.43453040685938049
27.009497869018204596614 1019.83341857753737258 27.009497869018204596614 197.84008423151416878
28.009497869018190385759 1025.48328053019599793 28.009497869018190385759 198.21664187038521732
29.009497869018190385759 1030.90070871655325391 29.009497869018190385759 198.57421358741152062
30.009497869018190385759 1036.10125155227797222 30.009497869018190385759 198.91130416147464643
31.009497869018218807469 1041.10022268791135502 31.009497869018218807469 199.22114387133652258
32.009497869018190385759 1045.91087897540592166 32.009497869018190385759 199.51198008500367109
33.009497869018190385759 1050.54520605340371731 33.009497869018190385759 199.80916478369178435
34.009497869018218807469 1055.01449321320865238 34.009497869018218807469 200.08824121210946601
35.009497869018190385759 1059.32830779430514667 35.009497869018190385759 200.35819710783988512
36.009497869018190385759 1063.49553398320153974 36.009497869018190385759 200.62200980754613511
37.009497869018190385759 1067.52442125869652045 37.009497869018190385759 200.87641527932754570
38.009497869018218807469 1071.42226005215661644 38.009497869018218807469 201.12142562325729500
39.009497869018190385759 1075.19588798725953893 39.009497869018190385759 201.35291428876814734
40.009497869018190385759 1078.85165237333922050 40.009497869018190385759 201.56964694482115874
41.009497869018218807469 1082.39551893125940296 41.009497869018218807469 201.78518391706563762
42.009497869018190385759 1085.83295822881473214 42.009497869018190385759 201.98914242828126930
43.009497869018190385759 1089.16904747312264590 43.009497869018190385759 202.18501810061943047
44.009497869018218807469 1092.40875311998911457 44.009497869018218807469 202.37113855732997081
46.009497869018190385759 1098.61694271322403438 46.009497869018190385759 202.72383711301850440
48.009497869018218807469 1104.49017623090480811 48.009497869018218807469 203.05435821540908137
50.009497869018190385759 1110.05676224674721198 50.009497869018190385759 203.36408244030434389
52.009497869018190385759 1115.34192343190761676 52.009497869018190385759 203.65560895982147827
54.009497869018218807469 1120.36806133106779271 54.009497869018218807469 203.93088801504055141
56.009497869018190385759 1125.15523940716821016 56.009497869018190385759 204.18894733870035907
58.009497869018218807469 1129.72121087730261024 58.009497869018218807469 204.42736899375304915
60.009497869018190385759 1134.08196864936803649 60.009497869018190385759 204.65653380309498743
62.009497869018190385759 1138.25191665883130554 62.009497869018190385759 204.87338100713412814
64.009497869018218807469 1142.24406382385654979 64.009497869018218807469 205.07807629049608522
66.009497869018190385759 1146.07016503842100974 66.009497869018190385759 205.26616482086430437
68.009497869018190385759 1149.74085801074465962 68.009497869018190385759 205.44253824106510820
70.009497869018190385759 1153.26598771010594646 70.009497869018190385759 205.61330068915705738
72.009497869018190385759 1156.65453654475527401 72.009497869018190385759 205.77449066027867275
74.009497869018218807469 1159.91471747210403009 74.009497869018218807469 205.92858930685258656
76.009497869018190385759 1163.05391028423309763 76.009497869018190385759 206.07507429823704115
78.009497869018190385759 1166.07887833565064284 78.009497869018190385759 206.21143661768158495
80.009497869018218807469 1168.99598642544128779 80.009497869018218807469 206.34664076523321796
82.009497869018190385759 1171.81135437859688864 82.009497869018190385759 206.47985683547921099
84.009497869018218807469 1174.53054917434565141 84.009497869018218807469 206.60391622533836653
86.009497869018190385759 1177.15870286598351413 86.009497869018190385759 206.72361589165987539
88.009497869018190385759 1179.70043097219240735 88.009497869018190385759 206.83933055943293766
91.009497869018218807469 1183.36034129825816308 91.009497869018218807469 207.00845398808309028
94.009497869018218807469 1186.84896358550145123 94.009497869018218807469 207.17812249983632000
97.009497869018218807469 1190.17888073244921543 97.009497869018218807469 207.36219531428153573
99.504748934509137825444 1192.83613602951936628 99.504748934509137825444 207.42991556672612319
nan nan nan nan

