Time Pressure difference Time.1 Pressure.1 difference.1
(hr) (psi) (hr) (psi)
0.000200000000020850166 0.40117850520628667 0.000200000000020850166 0.32027966144326708
0.000399999999999067768 0.80122712867754109 0.000399999999999067768 0.83401999972189089
0.000600000000019917934 1.20031599536008304 0.000600000000019917934 1.21823294384317360
0.000799999999998135536 1.59853008639917071 0.000799999999998135536 1.60818667457093101
0.001007140329434719206 2.01010036893335720 0.001007140329434719206 2.01630180925136004
0.001267914553977789183 2.52706170425410059 0.001267914553977789183 2.53200459972075187
0.001596209851982166583 3.17611627585823975 0.001596209851982166583 3.17806390842659114
0.002009509145224797066 3.99059004165072917 0.002009509145224797066 3.98666465039978934
0.002529822128153114136 5.01200501382860342 0.002529822128153114136 4.99755541781804524
0.003184857364431081805 6.29198911288417762 0.003184857364431081805 6.25963460877055766
0.004009497869034817086 7.89457828583879362 0.004009497869034817086 7.83277731671525768
0.005047658755856332391 9.89896674113794539 0.005047658755856332391 9.78988470703441394
0.006354625877790454069 12.40275140005307719 0.006354625877790454069 12.21911553742781997
0.008000000000009777068 15.52570757201048224 0.008000000000009777068 15.22620093096105620
0.010071403294361402914 19.41409601762045867 0.010071403294361402914 18.93663216114804371
0.012679145539692626699 24.24544101186324241 0.012679145539692626699 23.49741688129366679
0.015962098519750611558 30.23363847963351958 0.015962098519750611558 29.07799646398087390
0.020095091452091651263 37.63414505658984410 0.020095091452091651263 35.86947003901988040
0.025298221281360611101 46.74871209042077425 0.025298221281360611101 44.08132231870539641
0.031848573644296607199 57.92904357189414100 0.031848573644296607199 53.93446131406334132
0.040094978690191851456 71.57828960633439408 0.040094978690191851456 65.64877543574982610
0.050476587558435426217 88.14892695684061152 0.050476587558435426217 79.42376488707915883
0.063546258777947173257 108.13526997818753728 0.063546258777947173257 95.41066508036311689
0.080000000000012505552 132.05843317506437984 0.080000000000012505552 113.67540402965177293
0.100714032943542974863 160.44168674613996473 0.100714032943542974863 134.15125199104062403
0.126791455396883634421 193.77350813901634297 0.126791455396883634421 156.59034418492700524
0.159620985197506115583 232.46051108368263272 0.159620985197506115583 180.51231967192563843
0.200950914520774404082 276.76677873582485745 0.200950914520774404082 205.17948092846938835
0.252982212813464002465 326.75534457004823707 0.252982212813464002465 229.60104441999391156
0.318485736442809752589 382.22958569547370189 0.318485736442809752589 252.59355257435058206
0.400949786901833249431 442.70273429135403376 0.400949786901833249431 272.92350640966003539
0.504765875584169521062 507.40522752950295171 0.504765875584169521062 289.48330376781353834
0.635462587779443310865 575.33550805081404178 0.635462587779443310865 301.50781575777256194
0.800000000000011368684 645.36710738731312631 0.800000000000011368684 308.75236025146028851
1.007140329435344483500 716.38096730943232160 1.007140329435344483500 311.54593625659987310
1.267914553968907398485 787.39607980175605917 1.267914553968907398485 310.74488607405987750
1.596209851975117999245 857.67881645647401001 1.596209851975117999245 307.53531006958974103
2.009509145207687197399 926.78078934485529317 2.009509145207687197399 303.18215721815522556
2.529822128134725289783 994.53074701077912323 2.529822128134725289783 298.86111201773786661
3.184857364427983839050 1060.99280510083917761 3.184857364427983839050 295.43551656974989328
4.009497869018204596614 1126.35516838447438204 4.009497869018204596614 293.41088312453462095
5.009497869018190385759 1188.75490371178102578 5.009497869018190385759 292.96286057216531162
6.009497869018190385759 1239.31938819611968938 6.009497869018190385759 293.69957887059666746
7.009497869018204596614 1281.84450089828715136 7.009497869018204596614 295.04474580778463633
8.009497869018190385759 1318.53589478153276104 8.009497869018190385759 296.65744402691518644
9.009497869018204596614 1350.78967739098970924 9.009497869018204596614 298.38927007583055229
10.009497869018190385759 1379.54711899595963587 10.009497869018190385759 300.13502789380618196
11.009497869018190385759 1405.47432387897652006 11.009497869018190385759 301.76174152936852124
12.009497869018204596614 1429.06050269925344764 12.009497869018204596614 303.32538508027909074
13.009497869018190385759 1450.67448242782575107 13.009497869018190385759 304.81519104511374962
14.009497869018204596614 1470.60644903666297978 14.009497869018204596614 306.22735933172918976
15.009497869018190385759 1489.08481581029673180 15.009497869018190385759 307.57273737729121876
16.009497869018190385759 1506.29459485731831592 16.009497869018190385759 308.84264968441419796
17.009497869018204596614 1522.38750135035593303 17.009497869018204596614 310.01974480239869081
18.009497869018190385759 1537.48811914626367070 18.009497869018190385759 311.11737117766324445
19.009497869018204596614 1551.69982162048336249 19.009497869018204596614 312.10282672629745093
20.009497869018190385759 1565.11126886047782136 20.009497869018190385759 313.03356336524905146
21.009497869018190385759 1577.79796909587525988 21.009497869018190385759 313.91509089131460541
22.009497869018204596614 1589.82455535696999505 22.009497869018204596614 314.76480956003621259
23.009497869018190385759 1601.25319505599804870 23.009497869018190385759 315.60072632180828123
24.009497869018204596614 1612.13608252104700114 24.009497869018204596614 316.39393467935980198
25.009497869018204596614 1622.51792340143833826 25.009497869018204596614 317.15930604586083064
26.009497869018190385759 1632.43791401329622204 26.009497869018190385759 317.86959395504362647
27.009497869018204596614 1641.93180390983502548 27.009497869018204596614 318.52253561273778359
28.009497869018190385759 1651.02808165361557258 28.009497869018190385759 319.12879341132020272
29.009497869018190385759 1659.75014103365106166 29.009497869018190385759 319.70448387573253513
30.009497869018190385759 1668.12301499916748071 30.009497869018190385759 320.24719969997420321
31.009497869018218807469 1676.17135852753744985 31.009497869018218807469 320.74604163285175673
32.009497869018190385759 1683.91651515040371123 32.009497869018190385759 321.21428793685589653
33.009497869018190385759 1691.37778174597974612 33.009497869018190385759 321.69275530174377309
34.009497869018218807469 1698.57333407326609631 34.009497869018218807469 322.14206835149622066
35.009497869018190385759 1705.51857554883144985 35.009497869018190385759 322.57669734362218605
36.009497869018190385759 1712.22780971295469499 36.009497869018190385759 323.00143579014923034
37.009497869018190385759 1718.71431822650106369 37.009497869018190385759 323.41102859971732641
38.009497869018218807469 1724.98983868397181141 38.009497869018218807469 323.80549525344423500
39.009497869018190385759 1731.06537965948814417 39.009497869018190385759 324.17819200491675247
40.009497869018190385759 1736.95116032107625870 40.009497869018190385759 324.52713158116205250
41.009497869018218807469 1742.65678547932770925 41.009497869018218807469 324.87414610647567770
42.009497869018190385759 1748.19106274839168691 42.009497869018190385759 325.20251930953287456
43.009497869018190385759 1753.56216643172751901 43.009497869018190385759 325.51787914199724128
44.009497869018218807469 1758.77809252318229483 44.009497869018218807469 325.81753307730127744
46.009497869018190385759 1768.77327776829088180 46.009497869018190385759 326.38537775195976565
48.009497869018218807469 1778.22918373175684792 48.009497869018218807469 326.91751672680868523
50.009497869018190385759 1787.19138721726289987 50.009497869018190385759 327.41617272888993284
52.009497869018190385759 1795.70049672537129481 52.009497869018190385759 327.88553042531253823
54.009497869018218807469 1803.79257874301924858 54.009497869018218807469 328.32872970421522041
56.009497869018190385759 1811.49993544554058644 56.009497869018190385759 328.74420521530754513
58.009497869018218807469 1818.85114951245691373 58.009497869018218807469 329.12806407994241908
60.009497869018190385759 1825.87196952548242734 60.009497869018190385759 329.49701942298293034
62.009497869018190385759 1832.58558582071873388 62.009497869018190385759 329.84614342148597643
64.009497869018218807469 1839.01294275640930209 64.009497869018218807469 330.17570282769867163
66.009497869018190385759 1845.17296571185784160 66.009497869018190385759 330.47852536159149395
68.009497869018190385759 1851.08278139729873146 68.009497869018190385759 330.76248656811486626
70.009497869018190385759 1856.75824021327048285 70.009497869018190385759 331.03741410954285129
72.009497869018190385759 1862.21380383705627537 72.009497869018190385759 331.29692996304868302
74.009497869018218807469 1867.46269513008746799 74.009497869018218807469 331.54502878403269506
76.009497869018190385759 1872.51679555761506890 76.009497869018190385759 331.78086962016163852
78.009497869018190385759 1877.38699412039773051 78.009497869018190385759 332.00041295446732192
80.009497869018218807469 1882.08353814496058476 80.009497869018218807469 332.21809163202544823
82.009497869018190385759 1886.61628054954098843 82.009497869018190385759 332.43256950512153480
84.009497869018218807469 1890.99418417069637144 84.009497869018218807469 332.63230512279477580
86.009497869018190385759 1895.22551161423348276 86.009497869018190385759 332.82502158557235816
88.009497869018190385759 1899.31769386523001231 88.009497869018190385759 333.01132220068700462
91.009497869018218807469 1905.21014949019536289 91.009497869018218807469 333.28361092081377137
94.009497869018218807469 1910.82683137265689766 94.009497869018218807469 333.55677722473643598
97.009497869018218807469 1916.18799797924316408 97.009497869018218807469 333.85313445599325632
99.504748934509137825444 1920.46617900752585228 99.504748934509137825444 333.96216406242905350
nan nan nan nan

