Time Pressure difference Time.1 Pressure.1 difference.1
(hr) (psi) (hr) (psi)
0.000200000000020850166 0.44187777385040278 0.000200000000020850166 0.35277180100997535
0.000399999999999067768 0.88251104028250893 0.000399999999999067768 0.91863072433135806
0.000600000000019917934 1.32208718329516395 0.000600000000019917934 1.34182179321856809
0.000799999999998135536 1.76069980530923154 0.000799999999998135536 1.77133604735348893
0.001007140329434719206 2.21402359476717603 0.001007140329434719206 2.22085416671164282
0.001267914553977789183 2.78343028294654582 0.001267914553977789183 2.78887463157648074
0.001596209851982166583 3.49833097051052500 0.001596209851982166583 3.50047618899160717
0.002009509145224797066 4.39543250964428101 0.002009509145224797066 4.39110889029542051
0.002529822128153114136 5.52046929059382396 0.002529822128153114136 5.50455379353871788
0.003184857364431081805 6.93030684897387683 0.003184857364431081805 6.89467000386322226
0.004009497869034817086 8.69547753222823694 0.004009497869034817086 8.62740689957042761
0.005047658755856332391 10.90320974386208697 0.005047658755856332391 10.78306141644370086
0.006354625877790454069 13.66100154208744932 0.006354625877790454069 13.45873595426832381
0.008000000000009777068 17.10077935467821675 0.008000000000009777068 16.77088798192812291
0.010071403294361402914 21.38364199042253588 0.010071403294361402914 20.85773977169929694
0.012679145539692626699 26.70512343335661143 0.012679145539692626699 25.88121279678722431
0.015962098519750611558 33.30081919495865606 0.015962098519750611558 32.02793813423980396
0.020095091452091651263 41.45210180146127499 0.020095091452091651263 39.50840178210885512
0.025298221281360611101 51.49133505611563777 0.025298221281360611101 48.55334052495087604
0.031848573644296607199 63.80590306469499495 0.031848573644296607199 59.40607333143208280
0.040094978690191851456 78.83985521857120204 0.040094978690191851456 72.30879613213024015
0.050476587558435426217 97.09157172057804530 0.050476587558435426217 87.48124828142050546
0.063546258777947173257 119.10551475858338222 0.063546258777947173257 105.09000791460286450
0.080000000000012505552 145.45566552615787259 0.080000000000012505552 125.20769139497876665
0.100714032943542974863 176.71837960444401006 0.100714032943542974863 147.76079929447956829
0.126791455396883634421 213.43169012413395080 0.126791455396883634421 172.47632113122395481
0.159620985197506115583 256.04346148347656253 0.159620985197506115583 198.82516369661374256
0.200950914520774404082 304.84456788293749696 0.200950914520774404082 225.99479058787932217
0.252982212813464002465 359.90443749744446222 0.252982212813464002465 252.89390399883387772
0.318485736442809752589 421.00650018631881721 0.318485736442809752589 278.21898544421225097
0.400949786901833249431 487.61460588612902711 0.400949786901833249431 300.61139836426315242
0.504765875584169521062 558.88112017742344051 0.504765875584169521062 318.85117516454829456
0.635462587779443310865 633.70287843278072160 0.635462587779443310865 332.09556518247416079
0.800000000000011368684 710.83913277443195966 0.800000000000011368684 340.07506346537655872
1.007140329435344483500 789.05729732633130880 1.007140329435344483500 343.15204573190715109
1.267914553968907398485 867.27684152077483759 1.267914553968907398485 342.26972958881952991
1.596209851975117999245 944.68971087959459965 1.596209851975117999245 338.73454442447564361
2.009509145207687197399 1020.80202884360869575 2.009509145207687197399 333.93976737072171090
2.529822128134725289783 1095.42517062056845134 2.529822128134725289783 329.18035526591415874
3.184857364427983839050 1168.62975634295321470 3.184857364427983839050 325.40723564204330387
4.009497869018204596614 1240.62308401768200383 4.009497869018204596614 323.17720460093670454
5.009497869018190385759 1309.35322727674429188 5.009497869018190385759 322.68373048528349045
6.009497869018190385759 1365.04744207108819865 6.009497869018190385759 323.49518832123692391
7.009497869018204596614 1411.88669664159169770 7.009497869018204596614 324.97682146944396209
8.009497869018190385759 1452.30040584632592982 8.009497869018190385759 326.75312675428335751
9.009497869018204596614 1487.82631132920619166 9.009497869018204596614 328.66064530091483675
10.009497869018190385759 1519.50117454627434199 10.009497869018190385759 330.58350898448225053
11.009497869018190385759 1548.05867557684359781 11.009497869018190385759 332.37525153959433055
12.009497869018204596614 1574.03765514700376116 12.009497869018204596614 334.09752559566976515
13.009497869018190385759 1597.84435745673545171 13.009497869018190385759 335.73847129606730277
14.009497869018204596614 1619.79840763458537367 14.009497869018204596614 337.29390303204957036
15.009497869018190385759 1640.15139132728336335 15.009497869018190385759 338.77576870542213783
16.009497869018190385759 1659.10708998777090528 16.009497869018190385759 340.17451269587650131
17.009497869018204596614 1676.83261018300072465 17.009497869018204596614 341.47102326061303756
18.009497869018190385759 1693.46517471182664849 18.009497869018190385759 342.68000303626678260
19.009497869018204596614 1709.11864410372095335 19.009497869018204596614 343.76543233621168838
20.009497869018190385759 1723.89067294777282768 20.009497869018190385759 344.79059153273817628
21.009497869018190385759 1737.86442972879035551 21.009497869018190385759 345.76154938753495571
22.009497869018204596614 1751.11110445115514267 22.009497869018204596614 346.69747139946019843
23.009497869018190385759 1763.69917136602680330 23.009497869018190385759 347.61819131097723812
24.009497869018204596614 1775.68611987825465803 24.009497869018204596614 348.49187008161368340
25.009497869018204596614 1787.12119099288861435 25.009497869018204596614 349.33488781862928363
26.009497869018190385759 1798.04755746392061155 26.009497869018190385759 350.11723392149730216
27.009497869018204596614 1808.50459561083289373 27.009497869018204596614 350.83641603721844149
28.009497869018190385759 1818.52368414021407261 28.009497869018190385759 351.50417825014977780
29.009497869018190385759 1828.13059012402118242 29.009497869018190385759 352.13827209500971094
30.009497869018190385759 1837.35288608603968896 30.009497869018190385759 352.73604604634840598
31.009497869018218807469 1846.21772823322953627 31.009497869018218807469 353.28549513183673980
32.009497869018190385759 1854.74862538305342241 32.009497869018190385759 353.80124468407319682
33.009497869018190385759 1862.96683206803572830 33.009497869018190385759 354.32825221641343205
34.009497869018218807469 1870.89236796475688607 34.009497869018218807469 354.82314774947411706
35.009497869018190385759 1878.54219915523458440 35.009497869018190385759 355.30186953790274629
36.009497869018190385759 1885.93208026354432150 36.009497869018190385759 355.76969739204844245
37.009497869018190385759 1893.07664036542178110 37.009497869018190385759 356.22084309534085378
38.009497869018218807469 1899.98880782582409665 38.009497869018218807469 356.65532810524285878
39.009497869018190385759 1906.68070803074033392 39.009497869018190385759 357.06583467208224647
40.009497869018190385759 1913.16359687538829348 40.009497869018190385759 357.45017391548287833
41.009497869018218807469 1919.44805357143332003 41.009497869018218807469 357.83239281292975420
42.009497869018190385759 1925.54377925909807345 42.009497869018190385759 358.19407923948546113
43.009497869018190385759 1931.45977751900409203 43.009497869018190385759 358.54143209843181239
44.009497869018218807469 1937.20485553278058433 44.009497869018218807469 358.87148570833181793
46.009497869018190385759 1948.21404507811735130 46.009497869018190385759 359.49693781375276558
48.009497869018218807469 1958.62924584947108997 48.009497869018218807469 360.08306190199215280
50.009497869018190385759 1968.50065838423142850 50.009497869018190385759 360.63230619413968725
52.009497869018190385759 1977.87301088591630105 52.009497869018190385759 361.14927988875007259
54.009497869018218807469 1986.78602876042668868 54.009497869018218807469 361.63744141333853577
56.009497869018190385759 1995.27529121537827450 56.009497869018190385759 362.09506661396198979
58.009497869018218807469 2003.37228062241638327 58.009497869018218807469 362.51786768225537116
60.009497869018190385759 2011.10535773821266048 60.009497869018190385759 362.92425327748838981
62.009497869018190385759 2018.50006554166111528 62.009497869018190385759 363.30879565265121300
64.009497869018218807469 2025.57947318097285461 64.009497869018218807469 363.67178862181305021
66.009497869018190385759 2032.36442600146665427 66.009497869018190385759 364.00533228233268801
68.009497869018190385759 2038.87378820572052973 68.009497869018190385759 364.31810114748878959
70.009497869018190385759 2045.12501820592137847 70.009497869018190385759 364.62091988877187987
72.009497869018190385759 2051.13404480603276170 72.009497869018190385759 364.90676343756086908
74.009497869018218807469 2056.91543231719788309 74.009497869018218807469 365.18003170415192926
76.009497869018190385759 2062.48226757070642634 76.009497869018190385759 365.43979842220704768
78.009497869018190385759 2067.84654424855398247 78.009497869018190385759 365.68161426868863373
80.009497869018218807469 2073.01954926111602617 80.009497869018218807469 365.92137629034687052
82.009497869018190385759 2078.01213509804483692 82.009497869018190385759 366.15761278824982128
84.009497869018218807469 2082.83417386917244585 84.009497869018218807469 366.37761143960000254
86.009497869018190385759 2087.49476641567707702 86.009497869018190385759 366.58987884787683242
88.009497869018190385759 2092.00209759068820858 88.009497869018190385759 366.79507952539438520
91.009497869018218807469 2098.49233856891078176 91.009497869018218807469 367.09499173886729295
94.009497869018218807469 2104.67882875828900069 94.009497869018218807469 367.39587056637640217
97.009497869018218807469 2110.58388183220995415 97.009497869018218807469 367.72229302399256312
99.504748934509137825444 2115.29608122568106410 99.504748934509137825444 367.84238360499426790
nan nan nan nan

