Time Pressure difference Time.1 Pressure.1 difference.1
(hr) (psi) (hr) (psi)
0.000200000000020850166 0.29403145102075667 0.000200000000020850166 0.23473913074723921
0.000399999999999067768 0.58723478996242140 0.000399999999999067768 0.61126931656635486
0.000600000000019917934 0.87973470467384973 0.000600000000019917934 0.89286638120182904
0.000799999999998135536 1.17159347947268411 0.000799999999998135536 1.17867097887807359
0.001007140329434719206 1.47324126418718104 0.001007140329434719206 1.47778641920286002
0.001267914553977789183 1.85213218075766406 0.001267914553977789183 1.85575492401893616
0.001596209851982166583 2.32783677361038732 0.001596209851982166583 2.32926423102073121
0.002009509145224797066 2.92478027897382642 0.002009509145224797066 2.92190328414394473
0.002529822128153114136 3.67339497907934875 0.002529822128153114136 3.66280459194117647
0.003184857364431081805 4.61151997093374533 0.003184857364431081805 4.58780673189394861
0.004009497869034817086 5.78608843309924037 0.004009497869034817086 5.74079331287205186
0.005047658755856332391 7.25514332580296628 0.005047658755856332391 7.17519500267118548
0.006354625877790454069 9.09021531184014364 0.006354625877790454069 8.95562505227629124
0.008000000000009777068 11.37909002172196971 0.008000000000009777068 11.15957583759878702
0.010071403294361402914 14.22896478310071089 0.010071403294361402914 13.87902232928862745
0.012679145539692626699 17.76995055527865119 0.012679145539692626699 17.22170926703510929
0.015962098519750611558 22.15881578010407083 0.015962098519750611558 21.31182349534001830
0.020095091452091651263 27.58278954458137378 0.020095091452091651263 26.28942524598972597
0.025298221281360611101 34.26303122155063363 0.025298221281360611101 32.30804989818159356
0.031848573644296607199 42.45731143778576211 0.031848573644296607199 39.52960518670480639
0.040094978690191851456 52.46110666799663136 0.040094978690191851456 48.11525156160546146
0.050476587558435426217 64.60604584414404883 0.050476587558435426217 58.21120656320086795
0.063546258777947173257 79.25442147469645704 0.063546258777947173257 69.92831353716054821
0.080000000000012505552 96.78816841402233706 0.080000000000012505552 83.31489239440315941
0.100714032943542974863 117.59080146611499629 0.100714032943542974863 98.32203562076271908
0.126791455396883634421 142.02033515778836659 0.126791455396883634421 114.76807834671669184
0.159620985197506115583 170.37478452095993475 0.159620985197506115583 132.30095479060386765
0.200950914520774404082 202.84770118526293459 0.200950914520774404082 150.37999223328810672
0.252982212813464002465 239.48528359792356923 0.252982212813464002465 168.27902634508868118
0.318485736442809752589 280.14342305630987084 0.318485736442809752589 185.13067828430664008
0.400949786901833249431 324.46535805204825920 0.400949786901833249431 200.03089289652098159
0.504765875584169521062 371.88706117069159518 0.504765875584169521062 212.16788723355281832
0.635462587779443310865 421.67447173910596803 0.635462587779443310865 220.98088359886438070
0.800000000000011368684 473.00197932734755568 0.800000000000011368684 226.29054974951748136
1.007140329435344483500 525.04940461188209611 1.007140329435344483500 228.33801539303593131
1.267914553968907398485 577.09774792923735731 1.267914553968907398485 227.75091029030474488
1.596209851975117999245 628.60931889356481861 1.596209851975117999245 225.39855023733903749
2.009509145207687197399 679.25548535834116137 2.009509145207687197399 222.20804069405164682
2.529822128134725289783 728.91073383398713759 2.529822128134725289783 219.04106346641657410
3.184857364427983839050 777.62205591241627189 3.184857364427983839050 216.53037860391606273
4.009497869018204596614 825.52739049296883422 4.009497869018204596614 215.04648576829245599
5.009497869018190385759 871.26135799993892306 5.009497869018190385759 214.71812141313975530
6.009497869018190385759 908.32104228038576821 6.009497869018190385759 215.25807643931929647
7.009497869018204596614 939.48851618632227201 7.009497869018204596614 216.24397518831418097
8.009497869018190385759 966.38034524360796240 8.009497869018190385759 217.42595276506824575
9.009497869018204596614 990.01976355364490701 9.009497869018204596614 218.69524142203729866
10.009497869018190385759 1011.09664622064121886 10.009497869018190385759 219.97474094080206442
11.009497869018190385759 1030.09919389887727448 11.009497869018190385759 221.16699068612103929
12.009497869018204596614 1047.38595850007391164 12.009497869018204596614 222.31301515200581775
13.009497869018190385759 1063.22726041294072274 13.009497869018190385759 223.40492262933801726
14.009497869018204596614 1077.83578252376537421 14.009497869018204596614 224.43992795741644386
15.009497869018190385759 1091.37893332680118874 15.009497869018190385759 225.42598143180347847
16.009497869018190385759 1103.99231175878003341 16.009497869018190385759 226.35672461342159067
17.009497869018204596614 1115.78711279094409292 17.009497869018204596614 227.21944028995676490
18.009497869018190385759 1126.85464633080187014 18.009497869018190385759 228.02391179480909500
19.009497869018204596614 1137.27067671563395379 19.009497869018204596614 228.74617114101303628
20.009497869018190385759 1147.10018463066080585 20.009497869018190385759 229.42832594471670404
21.009497869018190385759 1156.39851151126276818 21.009497869018190385759 230.07441444208151893
22.009497869018204596614 1165.21302814982891505 22.009497869018204596614 230.69718961543026126
23.009497869018190385759 1173.58929823979974572 23.009497869018190385759 231.30984910542471766
24.009497869018204596614 1181.56557600921451012 24.009497869018204596614 231.89120678363013894
25.009497869018204596614 1189.17462708925290826 25.009497869018204596614 232.45216219510294309
26.009497869018190385759 1196.44517921471401678 26.009497869018190385759 232.97274588009403828
27.009497869018204596614 1203.40343392149407009 27.009497869018204596614 233.45129939318670154
28.009497869018190385759 1210.07027102563120025 28.009497869018190385759 233.89563740705457917
29.009497869018190385759 1216.46283628553283052 29.009497869018190385759 234.31757203314558069
30.009497869018190385759 1222.59947683168797994 30.009497869018190385759 234.71533891054008336
31.009497869018218807469 1228.49826277173542621 31.009497869018218807469 235.08094976817707789
32.009497869018190385759 1234.17483719097913308 32.009497869018190385759 235.42413650030434269
33.009497869018190385759 1239.64334314301618178 33.009497869018190385759 235.77481444475631633
34.009497869018218807469 1244.91710199158615069 34.009497869018218807469 236.10412463028919205
35.009497869018190385759 1250.00740319728015493 35.009497869018190385759 236.42267258725107126
36.009497869018190385759 1254.92473010017783963 36.009497869018190385759 236.73397157290440873
37.009497869018190385759 1259.67881708526192597 37.009497869018190385759 237.03417002960651416
38.009497869018218807469 1264.27826686154458002 38.009497869018218807469 237.32328223544359957
39.009497869018190385759 1268.73114782496645603 39.009497869018190385759 237.59643886074644570
40.009497869018190385759 1273.04494980054028019 40.009497869018190385759 237.85218339488895367
41.009497869018218807469 1277.22671233888627285 41.009497869018218807469 238.10651702213749559
42.009497869018190385759 1281.28289071000131116 42.009497869018190385759 238.34718806537188129
43.009497869018190385759 1285.21947601828469487 43.009497869018190385759 238.57832135873090351
44.009497869018218807469 1289.04232868158692327 44.009497869018218807469 238.79794349764938488
46.009497869018190385759 1296.36799240160439695 46.009497869018190385759 239.21412779336179710
48.009497869018218807469 1303.29840795246786911 48.009497869018218807469 239.60414269418274102
50.009497869018190385759 1309.86697945116179653 50.009497869018190385759 239.96961727955908827
52.009497869018190385759 1316.10346964965106054 52.009497869018190385759 240.31361857258931991
54.009497869018218807469 1322.03431237066001813 54.009497869018218807469 240.63844785774784896
56.009497869018190385759 1327.68318250045854256 56.009497869018190385759 240.94295785966642143
58.009497869018218807469 1333.07102883521702097 58.009497869018218807469 241.22429541262857811
60.009497869018190385759 1338.21672300625414209 60.009497869018190385759 241.49470988765207835
62.009497869018190385759 1343.13726165742104968 62.009497869018190385759 241.75058958841827916
64.009497869018218807469 1347.84799531215094248 64.009497869018218807469 241.99213002278537488
66.009497869018190385759 1352.36279474533694156 66.009497869018190385759 242.21407448861984335
68.009497869018190385759 1356.69421245267858467 68.009497869018190385759 242.42219512445683449
70.009497869018190385759 1360.85386549792497135 70.009497869018190385759 242.62369481320533282
72.009497869018190385759 1364.85235312281133702 72.009497869018190385759 242.81389897912882248
74.009497869018218807469 1368.69936661708266001 74.009497869018218807469 242.99573538208605328
76.009497869018190385759 1372.40361413539494606 76.009497869018190385759 243.16858767191970969
78.009497869018190385759 1375.97307643606791316 78.009497869018190385759 243.32949520886424466
80.009497869018218807469 1379.41526398202086057 80.009497869018218807469 243.48903610297517730
82.009497869018190385759 1382.73739816674424219 82.009497869018190385759 243.64623106586546442
84.009497869018218807469 1385.94604802572780500 84.009497869018218807469 243.79262114589926114
86.009497869018190385759 1389.04726938186036023 86.009497869018190385759 243.93386675215862169
88.009497869018190385759 1392.04650854718715891 88.009497869018190385759 244.07041006013088236
91.009497869018218807469 1396.36520273194446418 91.009497869018218807469 244.26997570593800901
94.009497869018218807469 1400.48177703089140778 94.009497869018218807469 244.47018454980684510
97.009497869018218807469 1404.41107926429003783 97.009497869018218807469 244.68739047085216498
99.504748934509137825444 1407.54664051483268850 99.504748934509137825444 244.76730036873681229
nan nan nan nan

