Time Pressure difference Time.1 Pressure.1 difference.1
(hr) (psi) (hr) (psi)
0.000200000000020850166 0.58806290204151335 0.000200000000020850166 0.46947826149447841
0.000399999999999067768 1.17446957992484280 0.000399999999999067768 1.22253863313270972
0.000600000000019917934 1.75946940934769946 0.000600000000019917934 1.78573276240365808
0.000799999999998135536 2.34318695894536821 0.000799999999998135536 2.35734195775614719
0.001007140329434719206 2.94648252837436209 0.001007140329434719206 2.95557283840572005
0.001267914553977789183 3.70426436151532812 0.001267914553977789183 3.71150984803787232
0.001596209851982166583 4.65567354722077464 0.001596209851982166583 4.65852846204146243
0.002009509145224797066 5.84956055794765284 0.002009509145224797066 5.84380656828788947
0.002529822128153114136 7.34678995815869751 0.002529822128153114136 7.32560918388235294
0.003184857364431081805 9.22303994186749065 0.003184857364431081805 9.17561346378789722
0.004009497869034817086 11.57217686619848074 0.004009497869034817086 11.48158662574410371
0.005047658755856332391 14.51028665160593256 0.005047658755856332391 14.35039000534237097
0.006354625877790454069 18.18043062368028728 0.006354625877790454069 17.91125010455258248
0.008000000000009777068 22.75818004344393941 0.008000000000009777068 22.31915167519757404
0.010071403294361402914 28.45792956620142178 0.010071403294361402914 27.75804465857725489
0.012679145539692626699 35.53990111055730239 0.012679145539692626699 34.44341853407021858
0.015962098519750611558 44.31763156020814165 0.015962098519750611558 42.62364699068003659
0.020095091452091651263 55.16557908916274755 0.020095091452091651263 52.57885049197945193
0.025298221281360611101 68.52606244310126726 0.025298221281360611101 64.61609979636318712
0.031848573644296607199 84.91462287557152422 0.031848573644296607199 79.05921037340961277
0.040094978690191851456 104.92221333599326272 0.040094978690191851456 96.23050312321092292
0.050476587558435426217 129.21209168828809766 0.050476587558435426217 116.42241312640173589
0.063546258777947173257 158.50884294939291408 0.063546258777947173257 139.85662707432109642
0.080000000000012505552 193.57633682804467412 0.080000000000012505552 166.62978478880631883
0.100714032943542974863 235.18160293222999258 0.100714032943542974863 196.64407124152543815
0.126791455396883634421 284.04067031557673317 0.126791455396883634421 229.53615669343338368
0.159620985197506115583 340.74956904191986951 0.159620985197506115583 264.60190958120773530
0.200950914520774404082 405.69540237052586917 0.200950914520774404082 300.75998446657621344
0.252982212813464002465 478.97056719584713846 0.252982212813464002465 336.55805269017736236
0.318485736442809752589 560.28684611261974169 0.318485736442809752589 370.26135656861328016
0.400949786901833249431 648.93071610409651839 0.400949786901833249431 400.06178579304196319
0.504765875584169521062 743.77412234138319036 0.504765875584169521062 424.33577446710563663
0.635462587779443310865 843.34894347821193605 0.635462587779443310865 441.96176719772876140
0.800000000000011368684 946.00395865469511136 0.800000000000011368684 452.58109949903496272
1.007140329435344483500 1050.09880922376419221 1.007140329435344483500 456.67603078607186262
1.267914553968907398485 1154.19549585847471462 1.267914553968907398485 455.50182058060948975
1.596209851975117999245 1257.21863778712963722 1.596209851975117999245 450.79710047467807499
2.009509145207687197399 1358.51097071668232275 2.009509145207687197399 444.41608138810329365
2.529822128134725289783 1457.82146766797427517 2.529822128134725289783 438.08212693283314820
3.184857364427983839050 1555.24411182483254379 3.184857364427983839050 433.06075720783212546
4.009497869018204596614 1651.05478098593766845 4.009497869018204596614 430.09297153658491197
5.009497869018190385759 1742.52271599987784612 5.009497869018190385759 429.43624282627951061
6.009497869018190385759 1816.64208456077153642 6.009497869018190385759 430.51615287863859294
7.009497869018204596614 1878.97703237264454401 7.009497869018204596614 432.48795037662836194
8.009497869018190385759 1932.76069048721592480 8.009497869018190385759 434.85190553013649151
9.009497869018204596614 1980.03952710728981401 9.009497869018204596614 437.39048284407459732
10.009497869018190385759 2022.19329244128243772 10.009497869018190385759 439.94948188160412883
11.009497869018190385759 2060.19838779775454896 11.009497869018190385759 442.33398137224207858
12.009497869018204596614 2094.77191700014782327 12.009497869018204596614 444.62603030401163551
13.009497869018190385759 2126.45452082588144549 13.009497869018190385759 446.80984525867603452
14.009497869018204596614 2155.67156504753074842 14.009497869018204596614 448.87985591483288772
15.009497869018190385759 2182.75786665360237748 15.009497869018190385759 450.85196286360695694
16.009497869018190385759 2207.98462351756006683 16.009497869018190385759 452.71344922684318135
17.009497869018204596614 2231.57422558188818584 17.009497869018204596614 454.43888057991352980
18.009497869018190385759 2253.70929266160374027 18.009497869018190385759 456.04782358961819000
19.009497869018204596614 2274.54135343126790758 19.009497869018204596614 457.49234228202607255
20.009497869018190385759 2294.20036926132161170 20.009497869018190385759 458.85665188943340809
21.009497869018190385759 2312.79702302252553636 21.009497869018190385759 460.14882888416303786
22.009497869018204596614 2330.42605629965783010 22.009497869018204596614 461.39437923086052251
23.009497869018190385759 2347.17859647959949143 23.009497869018190385759 462.61969821084943533
24.009497869018204596614 2363.13115201842902025 24.009497869018204596614 463.78241356726027789
25.009497869018204596614 2378.34925417850581653 25.009497869018204596614 464.90432439020588617
26.009497869018190385759 2392.89035842942803356 26.009497869018190385759 465.94549176018807657
27.009497869018204596614 2406.80686784298814018 27.009497869018204596614 466.90259878637340307
28.009497869018190385759 2420.14054205126240049 28.009497869018190385759 467.79127481410915834
29.009497869018190385759 2432.92567257106566103 29.009497869018190385759 468.63514406629116138
30.009497869018190385759 2445.19895366337595988 30.009497869018190385759 469.43067782108016672
31.009497869018218807469 2456.99652554347085243 31.009497869018218807469 470.16189953635415577
32.009497869018190385759 2468.34967438195826617 32.009497869018190385759 470.84827300060868538
33.009497869018190385759 2479.28668628603236357 33.009497869018190385759 471.54962888951263267
34.009497869018218807469 2489.83420398317230138 34.009497869018218807469 472.20824926057838411
35.009497869018190385759 2500.01480639456030985 35.009497869018190385759 472.84534517450214253
36.009497869018190385759 2509.84946020035567926 36.009497869018190385759 473.46794314580881746
37.009497869018190385759 2519.35763417052385194 37.009497869018190385759 474.06834005921302833
38.009497869018218807469 2528.55653372308916005 38.009497869018218807469 474.64656447088719915
39.009497869018190385759 2537.46229564993291206 39.009497869018190385759 475.19287772149289140
40.009497869018190385759 2546.08989960108056039 40.009497869018190385759 475.70436678977790734
41.009497869018218807469 2554.45342467777254569 41.009497869018218807469 476.21303404427499117
42.009497869018190385759 2562.56578142000262233 42.009497869018190385759 476.69437613074376259
43.009497869018190385759 2570.43895203656938975 43.009497869018190385759 477.15664271746180702
44.009497869018218807469 2578.08465736317384653 44.009497869018218807469 477.59588699529876976
46.009497869018190385759 2592.73598480320879389 46.009497869018190385759 478.42825558672359421
48.009497869018218807469 2606.59681590493573822 48.009497869018218807469 479.20828538836548205
50.009497869018190385759 2619.73395890232359307 50.009497869018190385759 479.93923455911817655
52.009497869018190385759 2632.20693929930212107 52.009497869018190385759 480.62723714517863982
54.009497869018218807469 2644.06862474132003626 54.009497869018218807469 481.27689571549569791
56.009497869018190385759 2655.36636500091708513 56.009497869018190385759 481.88591571933284285
58.009497869018218807469 2666.14205767043404194 58.009497869018218807469 482.44859082525715621
60.009497869018190385759 2676.43344601250828418 60.009497869018190385759 482.98941977530415670
62.009497869018190385759 2686.27452331484209935 62.009497869018190385759 483.50117917683655833
64.009497869018218807469 2695.69599062430188496 64.009497869018218807469 483.98426004557074975
66.009497869018190385759 2704.72558949067388312 66.009497869018190385759 484.42814897723968670
68.009497869018190385759 2713.38842490535716934 68.009497869018190385759 484.84439024891366898
70.009497869018190385759 2721.70773099584994270 70.009497869018190385759 485.24738962641066564
72.009497869018190385759 2729.70470624562267403 72.009497869018190385759 485.62779795825764495
74.009497869018218807469 2737.39873323416532003 74.009497869018218807469 485.99147076417210656
76.009497869018190385759 2744.80722827078989212 76.009497869018190385759 486.33717534383941938
78.009497869018190385759 2751.94615287213582633 78.009497869018190385759 486.65899041772848932
80.009497869018218807469 2758.83052796404172113 80.009497869018218807469 486.97807220595035460
82.009497869018190385759 2765.47479633348848438 82.009497869018190385759 487.29246213173092883
84.009497869018218807469 2771.89209605145561000 84.009497869018218807469 487.58524229179852227
86.009497869018190385759 2778.09453876372072045 86.009497869018190385759 487.86773350431724339
88.009497869018190385759 2784.09301709437431782 88.009497869018190385759 488.14082012026176471
91.009497869018218807469 2792.73040546388892835 91.009497869018218807469 488.53995141187601803
94.009497869018218807469 2800.96355406178281555 94.009497869018218807469 488.94036909961369020
97.009497869018218807469 2808.82215852858007565 97.009497869018218807469 489.37478094170432996
99.504748934509137825444 2815.09328102966537699 99.504748934509137825444 489.53460073747362458
nan nan nan nan

