Time Pressure difference Time.1 Pressure.1 difference.1
(hr) (psi) (hr) (psi)
0.000200000000020850166 0.20266574590131253 0.000200000000020850166 0.16179759294442478
0.000399999999999067768 0.40476070268596276 0.000399999999999067768 0.42132687356551013
0.000600000000019917934 0.60637081339101495 0.000600000000019917934 0.61542202546114777
0.000799999999998135536 0.80753900845009863 0.000799999999998135536 0.81241728487641229
0.001007140329434719206 1.01545443068268959 0.001007140329434719206 1.01858724939406176
0.001267914553977789183 1.27661088165217507 0.001267914553977789183 1.27910791373056631
0.001596209851982166583 1.60449766316648157 0.001596209851982166583 1.60548156036457179
0.002009509145224797066 2.01595024878421913 0.002009509145224797066 2.01396723539865130
0.002529822128153114136 2.53194456185130257 0.002529822128153114136 2.52464497297640378
0.003184857364431081805 3.17856178787523680 0.003184857364431081805 3.16221706944102721
0.004009497869034817086 3.98815134936783799 0.004009497869034817086 3.95693098401350429
0.005047658755856332391 5.00072025846306190 0.005047658755856332391 4.94561463460951778
0.006354625877790454069 6.26557213584461881 0.006354625877790454069 6.17280370834863046
0.008000000000009777068 7.84321459124339171 0.008000000000009777068 7.69191102930537784
0.010071403294361402914 9.80753504823890765 0.010071403294361402914 9.56633177498990150
0.012679145539692626699 12.24821450702822112 0.012679145539692626699 11.87033068123323964
0.015962098519750611558 15.27330805182314322 0.015962098519750611558 14.68950546006487201
0.020095091452091651263 19.01186623976795076 0.020095091452091651263 18.12039480232060029
0.025298221281360611101 23.61632660468461609 0.025298221281360611101 22.26882535354889825
0.031848573644296607199 29.26436155598792865 0.031848573644296607199 27.24639453546884837
0.040094978690191851456 36.15963284460784877 0.040094978690191851456 33.16418469218003651
0.050476587558435426217 44.53072086432526788 0.050476587558435426217 40.12297853508760426
0.063546258777947173257 54.62734135544049252 0.063546258777947173257 48.19917656233665326
0.080000000000012505552 66.71274885034307545 0.080000000000012505552 57.42608402326094108
0.100714032943542974863 81.05128688624876077 0.100714032943542974863 67.76999065385903975
0.126791455396883634421 97.88972253813662405 0.126791455396883634421 79.10568112033578814
0.159620985197506115583 117.43346729693283237 0.159620985197506115583 91.19048861273260798
0.200950914520774404082 139.81592963052020195 0.200950914520774404082 103.65174605910253547
0.252982212813464002465 165.06895253642187527 0.252982212813464002465 115.98893341299898907
0.318485736442809752589 193.09320685237176463 0.318485736442809752589 127.60419633155599684
0.400949786901833249431 223.64278916581861267 0.400949786901833249431 137.87440075353424618
0.504765875584169521062 256.32893481821679416 0.504765875584169521062 146.24001266945447242
0.635462587779443310865 290.64568108571148741 0.635462587779443310865 152.31450733933027664
0.800000000000011368684 326.02396315218305745 0.800000000000011368684 155.97427722848098597
1.007140329435344483500 361.89845967598648713 1.007140329435344483500 157.38552473418297950
1.267914553968907398485 397.77358896817491996 1.267914553968907398485 156.98085342043606261
1.596209851975117999245 433.27873957635540592 1.596209851975117999245 155.35945270596252499
2.009509145207687197399 468.18739668767011608 2.009509145207687197399 153.16034443318815761
2.529822128134725289783 502.41304817935838400 2.529822128134725289783 150.97745617459219147
3.184857364427983839050 535.98808373624171963 3.184857364427983839050 149.24692762529807055
4.009497869018204596614 569.00757988780901542 4.009497869018204596614 148.22413143351229792
5.009497869018190385759 600.53042754798048009 5.009497869018190385759 147.99780120001724981
6.009497869018190385759 626.07439072433362526 6.009497869018190385759 148.36997359094326043
7.009497869018204596614 647.55705635441427148 7.009497869018204596614 149.04951962132392396
8.009497869018190385759 666.09266734305185764 8.009497869018190385759 149.86421603016003701
9.009497869018204596614 682.38650369234278514 9.009497869018204596614 150.73909295756243409
10.009497869018190385759 696.91407253626118745 10.009497869018190385759 151.62100788010087626
11.009497869018190385759 710.01187376080804370 11.009497869018190385759 152.44278454071618967
12.009497869018204596614 721.92704484185890124 12.009497869018204596614 153.23269970929214878
13.009497869018190385759 732.84590830722459032 13.009497869018190385759 153.98531390270755992
14.009497869018204596614 742.91505914067442973 14.009497869018204596614 154.69870740567688472
15.009497869018190385759 752.24988624785180491 15.009497869018190385759 155.37836008293800205
16.009497869018190385759 760.94385330266186429 16.009497869018190385759 156.01988928156742986
17.009497869018204596614 769.07360316663937283 17.009497869018204596614 156.61452946539395725
18.009497869018190385759 776.70207261219115935 18.009497869018190385759 157.16902394896447959
19.009497869018204596614 783.88148338591702213 19.009497869018204596614 157.66685242487903906
20.009497869018190385759 790.65662443469273057 20.009497869018190385759 158.13703822178214864
21.009497869018190385759 797.06564070267825173 21.009497869018190385759 158.58236475668894627
22.009497869018204596614 803.14118324451476383 22.009497869018204596614 159.01162222080503739
23.009497869018190385759 808.91465754381681563 23.009497869018190385759 159.43390729300460862
24.009497869018204596614 814.41243092160550532 24.009497869018204596614 159.83461710510101739
25.009497869018204596614 819.65708759824224217 25.009497869018204596614 160.22126433786755229
26.009497869018190385759 824.66842861127179276 26.009497869018190385759 160.58008473091229007
27.009497869018204596614 829.46451377639698421 27.009497869018204596614 160.90993517496485765
28.009497869018190385759 834.05973483122602374 28.009497869018190385759 161.21620205457995212
29.009497869018190385759 838.46590975613003138 29.009497869018190385759 161.50702705109469548
30.009497869018190385759 842.69568459585275377 30.009497869018190385759 161.78119405133270448
31.009497869018218807469 846.76151445283460362 31.009497869018218807469 162.03319701535369290
32.009497869018190385759 850.67418156666360574 32.009497869018190385759 162.26974380246963392
33.009497869018190385759 854.44343425676822790 33.009497869018190385759 162.51145402406930884
34.009497869018218807469 858.07845448007640243 34.009497869018218807469 162.73843618584902515
35.009497869018190385759 861.58702367270154809 35.009497869018190385759 162.95800031437644861
36.009497869018190385759 864.97636763967068418 36.009497869018190385759 163.17256797680420277
37.009497869018190385759 868.25319595707310327 37.009497869018190385759 163.37948442718638375
38.009497869018218807469 871.42343817575397225 38.009497869018218807469 163.57875950691592948
39.009497869018190385759 874.49265556297120838 39.009497869018190385759 163.76703695486477841
40.009497869018190385759 877.46601059698252811 40.009497869018190385759 163.94331284845452501
41.009497869018218807469 880.34835539742425681 41.009497869018218807469 164.11861625254672958
42.009497869018190385759 883.14413935943593970 42.009497869018190385759 164.28450250833543578
43.009497869018190385759 885.85749194480638380 43.009497869018190385759 164.44381472183712845
44.009497869018218807469 888.49245253759113439 44.009497869018218807469 164.59519269329504709
46.009497869018190385759 893.54178007342227374 46.009497869018190385759 164.88205418525501500
48.009497869018218807469 898.31867666780260606 48.009497869018218807469 165.15087801519939603
50.009497869018190385759 902.84616662735436421 50.009497869018190385759 165.40278705144751825
52.009497869018190385759 907.14476439128486618 52.009497869018190385759 165.63989528732145118
54.009497869018218807469 911.23268988260178958 54.009497869018218807469 165.86378891889964393
56.009497869018190385759 915.12626138449672908 56.009497869018190385759 166.07367716880960984
58.009497869018218807469 918.83991818020604114 58.009497869018218807469 166.26759344825245535
60.009497869018190385759 922.38666783481926359 60.009497869018190385759 166.45398082651726668
62.009497869018190385759 925.77822554918293463 62.009497869018190385759 166.63034988580244544
64.009497869018218807469 929.02517191007018482 64.009497869018218807469 166.79683538293681977
66.009497869018190385759 932.13706756458248037 66.009497869018190385759 166.94981405430294785
68.009497869018190385759 935.12256451540554281 68.009497869018190385759 167.09326443606627777
70.009497869018190385759 937.98967000421953344 70.009497869018190385759 167.23215122718107750
72.009497869018190385759 940.74568972306781234 72.009497869018190385759 167.36325240369333756
74.009497869018218807469 943.39730354397784140 74.009497869018218807469 167.48858596957344957
76.009497869018190385759 945.95051369784289363 76.009497869018190385759 167.60772709589946317
78.009497869018190385759 948.41082104632926075 78.009497869018190385759 167.71863511571433492
80.009497869018218807469 950.78340229269224437 80.009497869018218807469 167.82860115572299264
82.009497869018190385759 953.07323489459224675 82.009497869018190385759 167.93695022618976509
84.009497869018218807469 955.28484666180099794 84.009497869018218807469 168.03785186327522183
86.009497869018190385759 957.42241166433325361 86.009497869018190385759 168.13520759188335774
88.009497869018190385759 959.48968385738328379 88.009497869018190385759 168.22932218833878437
91.009497869018218807469 962.46641092258312256 91.009497869018218807469 168.36687591030755584
94.009497869018218807469 965.30382371620771664 94.009497869018218807469 168.50487296653355429
97.009497869018218807469 968.01215632905871189 97.009497869018218807469 168.65458552228230360
99.504748934509137825444 970.17339063734220872 99.504748934509137825444 168.70966466093722147
nan nan nan nan

