Time Pressure difference Time.1 Pressure.1 difference.1
(hr) (psi) (hr) (psi)
0.000200000000020850166 0.78159207743088155 0.000200000000020850166 0.62398170065862180
0.000399999999999067768 1.56098287388315971 0.000399999999999067768 1.62487126239813540
0.000600000000019917934 2.33850383361043113 0.000600000000019917934 2.37341035229073771
0.000799999999998135536 3.11432052029320827 0.000799999999998135536 3.13313387323239301
0.001007140329434719206 3.91615827570660313 0.001007140329434719206 3.92824017081890275
0.001267914553977789183 4.92332311325695393 0.001267914553977789183 4.93295306073960216
0.001596209851982166583 6.18783729934286519 0.001596209851982166583 6.19163175534041876
0.002009509145224797066 7.77462780371291196 0.002009509145224797066 7.76698019881201240
0.002529822128153114136 9.76458947828719559 0.002529822128153114136 9.73643819496228069
0.003184857364431081805 12.25830591143687620 0.003184857364431081805 12.19527156698363335
0.004009497869034817086 15.38053450719317894 0.004009497869034817086 15.26013137687175458
0.005047658755856332391 19.28556460333500411 0.005047658755856332391 19.07304660314571976
0.006354625877790454069 24.16353844192535405 0.006354625877790454069 23.80577167850844233
0.008000000000009777068 30.24780709163947634 0.008000000000009777068 29.66429622367360963
0.010071403294361402914 37.82332164095414839 0.010071403294361402914 36.89310737813728736
0.012679145539692626699 47.23594201276047500 0.012679145539692626699 45.77861135672326753
0.015962098519750611558 58.90238883920319779 0.015962098519750611558 56.65092064721739717
0.020095091452091651263 73.32035299844935139 0.020095091452091651263 69.88234224993314569
0.025298221281360611101 91.07771858609926596 0.025298221281360611101 85.88100269544881371
0.031848573644296607199 112.85968944337967912 0.031848573644296607199 105.07728384375486996
0.040094978690191851456 139.45169879826224246 0.040094978690191851456 127.89958112844841764
0.050476587558435426217 171.73528005463148816 0.050476587558435426217 154.73656885867799815
0.063546258777947173257 210.67347629290782152 0.063546258777947173257 185.88288993917535663
0.080000000000012505552 257.28154372201981914 0.080000000000012505552 221.46698797495304234
0.100714032943542974863 312.57893836049214542 0.100714032943542974863 261.35885739869411282
0.126791455396883634421 377.51733159174824550 0.126791455396883634421 305.07559809113109850
0.159620985197506115583 452.88890461645002006 0.159620985197506115583 351.68135157615324715
0.200950914520774404082 539.20815484557181207 0.200950914520774404082 399.73890590826022162
0.252982212813464002465 636.59788662611879317 0.252982212813464002465 447.31797680996743338
0.318485736442809752589 744.67503134459775538 0.318485736442809752589 492.11290470489421978
0.400949786901833249431 862.49124838129216641 0.400949786901833249431 531.72053733227755856
0.504765875584169521062 988.54724452435254989 0.504765875584169521062 563.98299968015021477
0.635462587779443310865 1120.89174549858398677 0.635462587779443310865 587.40963691110562195
0.800000000000011368684 1257.33012018936187815 0.800000000000011368684 601.52374947541227357
1.007140329435344483500 1395.68217440616126623 1.007140329435344483500 606.96630645436960094
1.267914553968907398485 1534.03666893054332832 1.267914553968907398485 605.40566831405874382
1.596209851975117999245 1670.96431943176412460 1.596209851975117999245 599.15264342750299420
2.009509145207687197399 1805.59155853728543661 2.009509145207687197399 590.67165619520505970
2.529822128134725289783 1937.58474728187002256 2.529822128134725289783 582.25322237824286731
3.184857364427983839050 2067.06879834345681957 3.184857364427983839050 575.57933973526837690
4.009497869018204596614 2194.41037981323097483 4.009497869018204596614 571.63486753661925377
5.009497869018190385759 2315.98005050266237959 5.009497869018190385759 570.76201200498451271
6.009497869018190385759 2414.49181012950020886 6.009497869018190385759 572.19731618474429524
7.009497869018204596614 2497.34094274386825418 7.009497869018204596614 574.81802444125332840
8.009497869018190385759 2568.82459004021211513 8.009497869018190385759 577.95994788680570764
9.009497869018204596614 2631.66270481350193222 9.009497869018204596614 581.33396095518958191
10.009497869018190385759 2687.68910760910557656 10.009497869018190385759 584.73511645563485217
11.009497869018190385759 2738.20152954475543083 11.009497869018190385759 587.90434529841775202
12.009497869018204596614 2784.15307047618489378 12.009497869018204596614 590.95069846903243160
13.009497869018190385759 2826.26229392253435435 13.009497869018190385759 593.85319828872059134
14.009497869018204596614 2865.09455184989656118 14.009497869018204596614 596.60444126533570852
15.009497869018190385759 2901.09484819355930085 15.009497869018190385759 599.22556081165839714
16.009497869018190385759 2934.62363097461002326 16.009497869018190385759 601.69965497522514397
17.009497869018204596614 2965.97647778609689340 17.009497869018204596614 603.99291896285114944
18.009497869018190385759 2995.39610790193364664 18.009497869018190385759 606.13135875399825636
19.009497869018204596614 3023.08391748421308876 19.009497869018204596614 608.05126283529170905
20.009497869018190385759 3049.21263767641767117 20.009497869018190385759 609.86456133892215803
21.009497869018190385759 3073.92937664434475664 21.009497869018190385759 611.58198867231271834
22.009497869018204596614 3097.36005505364119017 22.009497869018204596614 613.23744471220311425
23.009497869018190385759 3119.62578995381818459 23.009497869018190385759 614.86601132261205294
24.009497869018204596614 3140.82826843127350003 24.009497869018204596614 616.41137170450838312
25.009497869018204596614 3161.05458782764708303 25.009497869018204596614 617.90249894234989370
26.009497869018190385759 3180.38111198035585403 26.009497869018190385759 619.28631037618220034
27.009497869018204596614 3198.87748960487533623 27.009497869018204596614 620.55839753951602233
28.009497869018190385759 3216.59922326304786111 28.009497869018190385759 621.73953333344161365
29.009497869018190385759 3233.59188967425552619 29.009497869018190385759 622.86111661918084792
30.009497869018190385759 3249.90425903564528198 30.009497869018190385759 623.91845738649215036
31.009497869018218807469 3265.58436516441543063 31.009497869018218807469 624.89032127642553860
32.009497869018190385759 3280.67379038619037601 32.009497869018190385759 625.80257753329476600
33.009497869018190385759 3295.21012965417594387 33.009497869018190385759 626.73474687151315266
34.009497869018218807469 3309.22879371209774035 34.009497869018218807469 627.61011660198334994
35.009497869018190385759 3322.75979211480398590 35.009497869018190385759 628.45687826159110045
36.009497869018190385759 3335.83099159397579569 36.009497869018190385759 629.28437076300303943
37.009497869018190385759 3348.46826801477754998 37.009497869018190385759 630.08235592615733367
38.009497869018218807469 3360.69448903026386688 38.009497869018218807469 630.85087170495023656
39.009497869018190385759 3372.53110198670401587 39.009497869018190385759 631.57697448576948318
40.009497869018190385759 3383.99801627770739287 40.009497869018190385759 632.25679258358900370
41.009497869018218807469 3395.11394438105025984 41.009497869018218807469 632.93286021986261858
42.009497869018190385759 3405.89604564438195666 42.009497869018190385759 633.57261008337559360
43.009497869018190385759 3416.36024557402834034 43.009497869018190385759 634.18700677560957502
44.009497869018218807469 3426.52212228636562941 44.009497869018218807469 634.77080460815841434
46.009497869018190385759 3445.99514364381275300 46.009497869018190385759 635.87710241116803900
48.009497869018218807469 3464.41751944427142007 48.009497869018218807469 636.91383693566649526
50.009497869018190385759 3481.87804424729711172 50.009497869018190385759 637.88533858775451790
52.009497869018190385759 3498.45583316475040192 52.009497869018190385759 638.79976010397331265
54.009497869018218807469 3514.22115237511570740 54.009497869018218807469 639.66321874051050145
56.009497869018190385759 3529.23693427381704169 56.009497869018190385759 640.47266481905671753
58.009497869018218807469 3543.55886478513866678 58.009497869018218807469 641.22051407707203907
60.009497869018190385759 3557.23710833018412814 60.009497869018190385759 641.93932769570790242
62.009497869018190385759 3570.31684525320133616 62.009497869018190385759 642.61950509237749429
64.009497869018218807469 3582.83888019416417592 64.009497869018218807469 643.26156596452267422
66.009497869018190385759 3594.84008433718099695 66.009497869018190385759 643.85153698811109280
68.009497869018190385759 3606.35382462703546480 68.009497869018190385759 644.40476161614094508
70.009497869018190385759 3617.41098145069918246 70.009497869018190385759 644.94038649498929772
72.009497869018190385759 3628.03972962871603158 72.009497869018190385759 645.44598570440746244
74.009497869018218807469 3638.26583047083295241 74.009497869018218807469 645.92934179249425597
76.009497869018190385759 3648.11243192487745546 76.009497869018190385759 646.38881638213683800
78.009497869018190385759 3657.60074837949105131 78.009497869018190385759 646.81653952412784747
80.009497869018218807469 3666.75074408780074009 80.009497869018218807469 647.24062986694821120
82.009497869018190385759 3675.58161490086604317 82.009497869018190385759 647.65848427395314957
84.009497869018218807469 3684.11082257686393859 84.009497869018218807469 648.04761722681132596
86.009497869018190385759 3692.35446465630184321 86.009497869018190385759 648.42307518017310031
88.009497869018190385759 3700.32701848277747558 88.009497869018190385759 648.78603352142135918
91.009497869018218807469 3711.80693720553563253 91.009497869018218807469 649.31651734262061382
94.009497869018218807469 3722.74958244652225403 94.009497869018218807469 649.84871090781985004
97.009497869018218807469 3733.19442256411593917 97.009497869018218807469 650.42608596912975827
99.504748934509137825444 3741.52934667925819667 99.504748934509137825444 650.63850182763098928
nan nan nan nan

