Time Pressure difference Time.1 Pressure.1 difference.1
(hr) (psi) (hr) (psi)
0.000200000000020850166 0.82229134607499765 0.000200000000020850166 0.65647384022533006
0.000399999999999067768 1.64226678548812766 0.000399999999999067768 1.70948198700760257
0.000600000000019917934 2.46027502154551181 0.000600000000019917934 2.49699920166613198
0.000799999999998135536 3.27649023920326909 0.000799999999998135536 3.29628324601495137
0.001007140329434719206 4.12008150154042152 0.001007140329434719206 4.13279252827918508
0.001267914553977789183 5.17969169194939916 0.001267914553977789183 5.18982309259533015
0.001596209851982166583 6.51005199399515000 0.001596209851982166583 6.51404403590543524
0.002009509145224797066 8.17947027170646379 0.002009509145224797066 8.17142443870764268
0.002529822128153114136 10.27305375505241614 0.002529822128153114136 10.24343657068295066
0.003184857364431081805 12.89662364752657631 0.003184857364431081805 12.83030696207629795
0.004009497869034817086 16.18143375358262048 0.004009497869034817086 16.05476095972692363
0.005047658755856332391 20.28980760605914568 0.005047658755856332391 20.06622331255501024
0.006354625877790454069 25.42178858395972441 0.006354625877790454069 25.04539209534894795
0.008000000000009777068 31.82287887430720019 0.008000000000009777068 31.20898327464067279
0.010071403294361402914 39.79286761375622206 0.010071403294361402914 38.81421498868853348
0.012679145539692626699 49.69562443425385112 0.012679145539692626699 48.16240727221683215
0.015962098519750611558 61.96956955452833427 0.015962098519750611558 59.60086231747632013
0.020095091452091651263 77.13830974332078938 0.020095091452091651263 73.52127399302210620
0.025298221281360611101 95.82034155179414370 0.025298221281360611101 90.35302090169429334
0.031848573644296607199 118.73654893618052597 0.031848573644296607199 110.54889586112361144
0.040094978690191851456 146.71326441049905043 0.040094978690191851456 134.55960182482883170
0.050476587558435426217 180.67792481836892193 0.050476587558435426217 162.79405225301937321
0.063546258777947173257 221.64372107330365225 0.063546258777947173257 195.56223277341507583
0.080000000000012505552 270.67877607311328347 0.080000000000012505552 232.99927534028003606
0.100714032943542974863 328.85563121879619075 0.100714032943542974863 274.96840470213300023
0.126791455396883634421 397.17551357686579649 0.126791455396883634421 320.96157503742807648
0.159620985197506115583 476.47185501624386461 0.159620985197506115583 369.99419560084135128
0.200950914520774404082 567.28594399268445159 0.200950914520774404082 420.55421556767015545
0.252982212813464002465 669.74697955351507517 0.252982212813464002465 470.61083638880739954
0.318485736442809752589 783.45194583544287070 0.318485736442809752589 517.73833757475586026
0.400949786901833249431 907.40311997606727346 0.400949786901833249431 559.40842928688073243
0.504765875584169521062 1040.02313717227320922 0.504765875584169521062 593.35087107688502783
0.635462587779443310865 1179.25911588055055290 0.635462587779443310865 617.99738633580716396
0.800000000000011368684 1322.80214557648059781 0.800000000000011368684 632.84645268932854378
1.007140329435344483500 1468.35850442305991237 1.007140329435344483500 638.57241592967682209
1.267914553968907398485 1613.91743064956222042 1.267914553968907398485 636.93051182881845307
1.596209851975117999245 1757.97521385488471424 1.596209851975117999245 630.35187778238889678
2.009509145207687197399 1899.61279803603883920 2.009509145207687197399 621.42926634777154504
2.529822128134725289783 2038.47917089165889593 2.529822128134725289783 612.57246562641921628
3.184857364427983839050 2174.70574958557108403 3.184857364427983839050 605.55105880756184433
4.009497869018204596614 2308.67829544643836925 4.009497869018204596614 601.40118901302128052
5.009497869018190385759 2436.57837406762564569 5.009497869018190385759 600.48288191810274839
6.009497869018190385759 2540.21986400446894550 6.009497869018190385759 601.99292563538449485
7.009497869018204596614 2627.38313848717234578 7.009497869018204596614 604.75010010291259732
8.009497869018190385759 2702.58910110500528390 8.009497869018190385759 608.05563061417387871
9.009497869018204596614 2768.69933875171818727 9.009497869018204596614 611.60533618027386638
10.009497869018190385759 2827.64316315942005531 10.009497869018190385759 615.18359754631092073
11.009497869018190385759 2880.78588124262250858 11.009497869018190385759 618.51785530864356133
12.009497869018204596614 2929.13022292393543466 12.009497869018204596614 621.72283898442299233
13.009497869018190385759 2973.43216895144405498 13.009497869018190385759 624.77647853967414449
14.009497869018204596614 3014.28651044781872770 14.009497869018204596614 627.67098496565620280
15.009497869018190385759 3052.16142371054593241 15.009497869018190385759 630.42859213978942989
16.009497869018190385759 3087.43612610506261262 16.009497869018190385759 633.03151798668739048
17.009497869018204596614 3120.42158661874191239 17.009497869018204596614 635.44419742106549620
18.009497869018190385759 3151.37316346749685181 18.009497869018190385759 637.69399061260173767
19.009497869018204596614 3180.50273996744999749 19.009497869018204596614 639.71386844520600334
20.009497869018190385759 3207.99204176371222275 20.009497869018190385759 641.62158950641116917
21.009497869018190385759 3233.99583727725985227 21.009497869018190385759 643.42844716853312548
22.009497869018204596614 3258.64660414782701991 22.009497869018204596614 645.17010655162698640
23.009497869018190385759 3282.07176626384716656 23.009497869018190385759 646.88347631178089614
24.009497869018204596614 3304.37830578848115692 24.009497869018204596614 648.50930710676232138
25.009497869018204596614 3325.65785541909690437 25.009497869018204596614 650.07808071511840353
26.009497869018190385759 3345.99075543098024355 26.009497869018190385759 651.53395034263587604
27.009497869018204596614 3365.45028130587343185 27.009497869018204596614 652.87227796399679391
28.009497869018190385759 3384.09482574964704327 28.009497869018190385759 654.11491817227113188
29.009497869018190385759 3401.97233876462587432 29.009497869018190385759 655.29490483845802373
30.009497869018190385759 3419.13413012251749024 30.009497869018190385759 656.40730373286635313
31.009497869018218807469 3435.63073487010751705 31.009497869018218807469 657.42977477541046483
32.009497869018190385759 3451.50590061883985982 32.009497869018190385759 658.38953428051206629
33.009497869018190385759 3466.79917997623169867 33.009497869018190385759 659.37024378618286846
34.009497869018218807469 3481.54782760358875748 34.009497869018218807469 660.29119599996113266
35.009497869018190385759 3495.78341572120734781 35.009497869018190385759 661.18205045587171753
36.009497869018190385759 3509.53526214456587695 36.009497869018190385759 662.05263236490225154
37.009497869018190385759 3522.83059015369826739 37.009497869018190385759 662.89217042178086103
38.009497869018218807469 3535.69345817211615213 38.009497869018218807469 663.70070455674908771
39.009497869018190385759 3548.14643035795688775 39.009497869018190385759 664.46461715293492034
40.009497869018190385759 3560.21045283201965503 40.009497869018190385759 665.17983491790982953
41.009497869018218807469 3571.90521247315564324 41.009497869018218807469 665.89110692631663824
42.009497869018190385759 3583.24876215508857058 42.009497869018190385759 666.56417001332829386
43.009497869018190385759 3594.25785666130468599 43.009497869018190385759 667.21055973204408929
44.009497869018218807469 3604.94888529596391891 44.009497869018218807469 667.82475723918889798
46.009497869018190385759 3625.43591095363944987 46.009497869018190385759 668.98866247296098209
48.009497869018218807469 3644.81758156198611687 48.009497869018218807469 670.07938211085001967
50.009497869018190385759 3663.18731541426541298 50.009497869018190385759 671.10147205300427231
52.009497869018190385759 3680.62834732529518078 52.009497869018190385759 672.06350956741084701
54.009497869018218807469 3697.21460239252382962 54.009497869018218807469 672.97193044963387365
56.009497869018190385759 3713.01229004365495712 56.009497869018190385759 673.82352621771121903
58.009497869018218807469 3728.07999589509836369 58.009497869018218807469 674.61031767938504800
60.009497869018190385759 3742.47049654291413390 60.009497869018190385759 675.36656155021353243
62.009497869018190385759 3756.23132497414371755 62.009497869018190385759 676.08215732354267402
64.009497869018218807469 3769.40541061872727369 64.009497869018218807469 676.75765175863705281
66.009497869018190385759 3782.03154462678958225 66.009497869018190385759 677.37834390885223002
68.009497869018190385759 3794.14483143545703570 68.009497869018190385759 677.96037619551498210
70.009497869018190385759 3805.77775944334962333 70.009497869018190385759 678.52389227421826945
72.009497869018190385759 3816.95997059769297266 72.009497869018190385759 679.05581917891970534
74.009497869018218807469 3827.71856765794336752 74.009497869018218807469 679.56434471261354702
76.009497869018190385759 3838.07790393796858552 76.009497869018190385759 680.04774518418219031
78.009497869018190385759 3848.06029850764707589 78.009497869018190385759 680.49774083834927296
80.009497869018218807469 3857.68675520395618150 80.009497869018218807469 680.94391452526963349
82.009497869018190385759 3866.97746944936989166 82.009497869018190385759 681.38352755708149289
84.009497869018218807469 3875.95081227534046775 84.009497869018218807469 681.79292354361655271
86.009497869018190385759 3884.62371945774566484 86.009497869018190385759 682.18793244247763141
88.009497869018190385759 3893.01142220823521711 88.009497869018190385759 682.56979084612873976
91.009497869018218807469 3905.08912628425150615 91.009497869018218807469 683.12789816067413540
94.009497869018218807469 3916.60157983215458444 94.009497869018218807469 683.68780424945975938
97.009497869018218807469 3927.59030641708250187 97.009497869018218807469 684.29524453712895138
99.504748934509137825444 3936.35924889741363586 99.504748934509137825444 684.51872137019608999
nan nan nan nan

