Time Pressure difference Time.1 Pressure.1 difference.1
(hr) (psi) (hr) (psi)
0.000200000000020850166 0.68448515556609213 0.000200000000020850166 0.55117975043355882
0.000399999999999067768 1.31316324474652557 0.000399999999999067768 1.26280700704137994
0.000600000000019917934 1.90957685637581442 0.000600000000019917934 1.77412427941616557
0.000799999999998135536 2.48183970149154431 0.000799999999998135536 2.26436300098705035
0.001007140329434719206 3.05392887368604926 0.001007140329434719206 2.75227821741221090
0.001267914553977789183 3.74929749522622480 0.001267914553977789183 3.33923178216906802
0.001596209851982166583 4.59168183718016465 0.001596209851982166583 4.03734659856944411
0.002009509145224797066 5.60853372952727369 0.002009509145224797066 4.86353406885363260
0.002529822128153114136 6.83137568346427315 0.002529822128153114136 5.83621914475617576
0.003184857364431081805 8.29614196030627404 0.003184857364431081805 6.97526726042841005
0.004009497869034817086 10.04349967664395393 0.004009497869034817086 8.30189462798644406
0.005047658755856332391 12.11914803737176882 0.005047658755856332391 9.83858352878874776
0.006354625877790454069 14.57409968697618119 0.006354625877790454069 11.60903192955057506
0.008000000000009777068 17.46495568792279229 0.008000000000009777068 13.63817247763878626
0.010071403294361402914 20.85419413514097187 0.010071403294361402914 15.95229775892255653
0.012679145539692626699 24.81050072828506714 0.012679145539692626699 18.57932282797593970
0.015962098519750611558 29.40917534454507276 0.015962098519750611558 21.54919554781804436
0.020095091452091651263 34.73264744073906485 0.020095091452091651263 24.89443027777438644
0.025298221281360611101 40.87112257833539530 0.025298221281360611101 28.65072857209008461
0.031848573644296607199 47.92337548636758271 0.031848573644296607199 32.85774173301525991
0.040094978690191851456 55.99773624423033169 0.040094978690191851456 37.56021471014895496
0.050476587558435426217 65.21339387502438001 0.050476587558435426217 42.80970953434425041
0.063546258777947173257 75.70215313986115291 0.063546258777947173257 48.66632721954193386
0.080000000000012505552 87.61049845813880665 0.080000000000012505552 55.19838697529485927
0.100714032943542974863 101.10115760622007031 0.100714032943542974863 62.47719870159867384
0.126791455396883634421 116.35269742058409292 0.126791455396883634421 70.56538629398929174
0.159620985197506115583 133.55563215461506843 0.159620985197506115583 79.50116938341891171
0.200950914520774404082 152.90468426195548091 0.200950914520774404082 89.28486387871042496
0.252982212813464002465 174.58855831885711041 0.252982212813464002465 99.87548139593890539
0.318485736442809752589 198.78048730767699226 0.318485736442809752589 111.19498696737437626
0.400949786901833249431 225.62978104608589547 0.400949786901833249431 123.15526767468182356
0.504765875584169521062 255.26451403804955476 0.504765875584169521062 135.67393213353403780
0.635462587779443310865 287.79000380326806408 0.635462587779443310865 148.69414524572056280
0.800000000000011368684 323.30011688776079382 0.800000000000011368684 162.21116078794986493
1.007140329435344483500 361.88723984312133553 1.007140329435344483500 176.30532044273982706
1.267914553968907398485 403.66762393278594345 1.267914553968907398485 191.01348416333348723
1.596209851975117999245 448.73158294740710517 1.596209851975117999245 206.58808647701550854
2.009509145207687197399 497.28431058999825609 2.009509145207687197399 223.16617606845542809
2.529822128134725289783 549.44452360398349811 2.529822128134725289783 241.03685088348260024
3.184857364427983839050 605.50056339095658586 3.184857364427983839050 260.59335479198784924
4.009497869018204596614 665.68586234605584195 4.009497869018204596614 281.98212373104342987
5.009497869018190385759 728.07293799681292512 5.009497869018190385759 304.56090323851907442
6.009497869018190385759 782.26670788704757342 6.009497869018190385759 324.39812018457348586
7.009497869018204596614 830.39886457288321253 7.009497869018204596614 342.09029938144095695
8.009497869018190385759 873.80548350556739479 8.009497869018190385759 357.96896652461498434
9.009497869018204596614 913.38838645519263082 9.009497869018204596614 372.32662122399125337
10.009497869018190385759 949.79196596409713038 10.009497869018190385759 385.35170560594832523
11.009497869018190385759 983.49706599745275071 11.009497869018190385759 397.11120508059946133
12.009497869018204596614 1014.87517467188945375 12.009497869018204596614 407.86421452880995275
13.009497869018190385759 1044.21970471821691717 13.009497869018190385759 417.72187066197608374
14.009497869018204596614 1071.77072913715687719 14.009497869018204596614 426.76579091114996345
15.009497869018190385759 1097.72192308678154404 15.009497869018190385759 435.09284565202176509
16.009497869018190385759 1122.23398316989914747 16.009497869018190385759 442.78729021949368416
17.009497869018204596614 1145.44756195211152772 17.009497869018204596614 449.92761466882433297
18.009497869018190385759 1167.48441210465944096 18.009497869018190385759 456.59486565902778921
19.009497869018204596614 1188.44802308772045762 19.009497869018204596614 462.80985340962195096
20.009497869018190385759 1208.43178275133118404 20.009497869018190385759 468.60347155818271858
21.009497869018190385759 1227.51220288586023344 21.009497869018190385759 474.00437944586735739
22.009497869018204596614 1245.75475552568923376 22.009497869018204596614 479.05962476156122420
23.009497869018190385759 1263.21929730745341658 23.009497869018190385759 483.78654981835722992
24.009497869018204596614 1279.96115872582186057 24.009497869018204596614 488.23536528495884568
25.009497869018204596614 1296.03221733832674545 25.009497869018204596614 492.42946148422134911
26.009497869018190385759 1311.47813684686980196 26.009497869018190385759 496.39342860280726200
27.009497869018204596614 1326.34057061250973675 27.009497869018204596614 500.15411438747156581
28.009497869018190385759 1340.65569494750343438 28.009497869018190385759 503.72041255527778958
29.009497869018190385759 1354.45595848363996083 29.009497869018190385759 507.07737876678248767
30.009497869018190385759 1367.77147326198132760 30.009497869018190385759 510.29264508068712303
31.009497869018218807469 1380.62982309772201006 31.009497869018218807469 513.34316341652902338
32.009497869018190385759 1393.05641529630520381 32.009497869018190385759 516.24130200194895224
33.009497869018190385759 1405.07476398469748347 33.009497869018190385759 518.98277659050756938
34.009497869018218807469 1416.70747816184052681 34.009497869018218807469 521.62456359814370899
35.009497869018190385759 1427.97470036282084038 35.009497869018190385759 524.14247690634056198
36.009497869018190385759 1438.89505061400950581 36.009497869018190385759 526.56932410563695157
37.009497869018190385759 1449.48577743075338731 37.009497869018190385759 528.90291896860537690
38.009497869018218807469 1459.76330785729965100 38.009497869018218807469 531.15359840730752694
39.009497869018190385759 1469.74267105277408518 39.009497869018190385759 533.33707231998050702
40.009497869018190385759 1479.43794094140662310 40.009497869018190385759 535.44651163909770730
41.009497869018218807469 1488.86263304367435012 41.009497869018218807469 537.48013323783118267
42.009497869018190385759 1498.02912166914734371 42.009497869018190385759 539.43058265962667974
43.009497869018190385759 1506.94903690178671241 43.009497869018190385759 541.33847602065259252
44.009497869018218807469 1515.63362672972903056 44.009497869018218807469 543.13872401860703576
46.009497869018190385759 1532.33877240825654553 46.009497869018190385759 546.59595973971158855
48.009497869018218807469 1548.21658150291136735 48.009497869018218807469 549.80256254973278374
50.009497869018190385759 1563.32453168979691327 50.009497869018190385759 552.65850406554886831
52.009497869018190385759 1577.71975166082756914 52.009497869018190385759 555.24961438117782109
54.009497869018218807469 1591.45648261870951501 54.009497869018218807469 557.61267190596242926
56.009497869018190385759 1604.57769042866971176 56.009497869018190385759 559.77253940256889564
58.009497869018218807469 1617.12082361224065608 58.009497869018218807469 561.81480866097399485
60.009497869018190385759 1629.12283099501382821 60.009497869018190385759 563.87814729001161140
62.009497869018190385759 1640.61483460217073116 62.009497869018190385759 565.89341668820827635
64.009497869018218807469 1651.62930735920781444 64.009497869018218807469 567.86025621599787883
66.009497869018190385759 1662.20962662023089251 66.009497869018190385759 569.97618974312410955
68.009497869018190385759 1672.39326949728820182 68.009497869018190385759 572.13565154271498159
70.009497869018190385759 1682.20287128792551812 70.009497869018190385759 573.99362522770616124
72.009497869018190385759 1691.66194907438693917 72.009497869018190385759 575.51876975481775389
74.009497869018218807469 1700.79228363440347493 74.009497869018218807469 576.96047884002393857
76.009497869018190385759 1709.61138474145218424 76.009497869018190385759 578.32284760622530939
78.009497869018190385759 1718.14167887530857115 78.009497869018190385759 579.86039360369306905
80.009497869018218807469 1726.39707989977887337 80.009497869018218807469 581.00090812776181792
82.009497869018190385759 1734.37750074434529779 82.009497869018190385759 582.29770485220399223
84.009497869018218807469 1742.08682413372503106 84.009497869018218807469 583.42794856791920211
86.009497869018190385759 1749.53141686267463228 86.009497869018190385759 584.06650981842187775
88.009497869018190385759 1756.72921392268312957 88.009497869018190385759 584.83861187237278045
91.009497869018218807469 1767.07980544921110777 91.009497869018218807469 585.74758691399824784
94.009497869018218807469 1776.93037363647204074 94.009497869018218807469 587.06129314346719639
97.009497869018218807469 1786.34836978013913722 97.009497869018218807469 589.10621096891316029
99.504748934509137825444 1793.90107837893697251 99.504748934509137825444 589.52851814298276167
nan nan nan nan

