Time Pressure difference Time.1 Pressure.1 difference.1
(hr) (psi) (hr) (psi)
0.000200000000020850166 0.67176794502551995 0.000200000000020850166 0.54093925233807205
0.000399999999999067768 1.28876567626489624 0.000399999999999067768 1.23934501893241422
0.000600000000019917934 1.87409837926282119 0.000600000000019917934 1.74116240755816043
0.000799999999998135536 2.43572901851301316 0.000799999999998135536 2.22229286872827458
0.001007140329434719206 2.99718921155199114 0.001007140329434719206 2.70114299370072697
0.001267914553977789183 3.67963841607994580 0.001267914553977789183 3.27719141025991556
0.001596209851982166583 4.50637190140741861 0.001596209851982166583 3.96233578744848147
0.002009509145224797066 5.50433146351419822 0.002009509145224797066 4.77317332659077831
0.002529822128153114136 6.70445394945455497 0.002529822128153114136 5.72778665791371111
0.003184857364431081805 8.14200598945905440 0.003184857364431081805 6.84567213099968530
0.004009497869034817086 9.85689913620357494 0.004009497869034817086 8.14765177697467458
0.005047658755856332391 11.89398353831677468 0.005047658755856332391 9.65579017360906633
0.006354625877790454069 14.30332406437662485 0.006354625877790454069 11.39334499752613894
0.008000000000009777068 17.14047017240947213 0.008000000000009777068 13.38478566657883029
0.010071403294361402914 20.46673916213835298 0.010071403294361402914 15.65591627050541668
0.012679145539692626699 24.34954060546446897 0.012679145539692626699 18.23413322352174148
0.015962098519750611558 28.86277536546609568 0.015962098519750611558 21.14882798026295418
0.020095091452091651263 34.08734142271440248 0.020095091452091651263 24.43191080813267746
0.025298221281360611101 40.11176838835539371 0.025298221281360611101 28.11841995381081816
0.031848573644296607199 47.03299583252250216 0.031848573644296607199 32.24727002868601744
0.040094978690191851456 54.95734114461075848 0.040094978690191851456 36.86237465542487257
0.050476587558435426217 64.00177890685452553 0.050476587558435426217 42.01433788179358686
0.063546258777947173257 74.29566504873804433 0.063546258777947173257 47.76214409087285162
0.080000000000012505552 85.98276242121163193 0.080000000000012505552 54.17284317356806156
0.100714032943542974863 99.22277544304439800 0.100714032943542974863 61.31642014648701178
0.126791455396883634421 114.19095331550219896 0.126791455396883634421 69.25433540109550279
0.159620985197506115583 131.07427068288998839 0.159620985197506115583 78.02409847684174338
0.200950914520774404082 150.06383220462953432 0.200950914520774404082 87.62601941320433241
0.252982212813464002465 171.34483647031004239 0.252982212813464002465 98.01987135907445747
0.318485736442809752589 195.08729792600431097 0.318485736442809752589 109.12906917672370355
0.400949786901833249431 221.43775232719690393 0.400949786901833249431 120.86713701843089552
0.504765875584169521062 250.52189465155026937 0.504765875584169521062 133.15321426875800626
0.635462587779443310865 282.44308569981933488 0.635462587779443310865 145.93152178213884440
0.800000000000011368684 317.29344804940899394 0.800000000000011368684 159.19740151647974358
1.007140329435344483500 355.16365178046225992 1.007140329435344483500 173.02970246730095027
1.267914553968907398485 396.16778829687621055 1.267914553968907398485 187.46459975811308141
1.596209851975117999245 440.39449342816567423 1.596209851975117999245 202.74983787580319472
2.009509145207687197399 488.04514853532072038 2.009509145207687197399 219.01991924532566713
2.529822128134725289783 539.23626469549424201 2.529822128134725289783 236.55857059384413787
3.184857364427983839050 594.25082614762720823 3.184857364427983839050 255.75172962098915264
4.009497869018204596614 653.31792829153891944 4.009497869018204596614 276.74311159614973121
5.009497869018190385759 714.54589980452249165 5.009497869018190385759 298.90239465375969985
6.009497869018190385759 767.73279090991115936 6.009497869018190385759 318.37105128496938278
7.009497869018204596614 814.97068894693893526 7.009497869018204596614 335.73452332735956816
8.009497869018190385759 857.57084610710342076 8.009497869018190385759 351.31817698262756267
9.009497869018204596614 896.41832900192684974 9.009497869018204596614 365.40907744168760019
10.009497869018190385759 932.14555785328866477 10.009497869018190385759 378.19216572037333890
11.009497869018190385759 965.22444291334693389 11.009497869018190385759 389.73318269112382950
12.009497869018204596614 996.01957033372320893 12.009497869018204596614 400.28640945013262353
13.009497869018190385759 1024.81890146115711104 13.009497869018190385759 409.96091787372080262
14.009497869018204596614 1051.85804892367968932 14.009497869018204596614 418.83680900351112086
15.009497869018190385759 1077.32708954309259752 15.009497869018190385759 427.00915343772186361
16.009497869018190385759 1101.38373430226170058 16.009497869018190385759 434.56064111159054164
17.009497869018204596614 1124.16602254972235642 17.009497869018204596614 441.56830379519590224
18.009497869018190385759 1145.79344488522860956 18.009497869018190385759 448.11168236263051767
19.009497869018204596614 1166.36756801395949878 19.009497869018204596614 454.21120039545405689
20.009497869018190385759 1185.98004471114245462 20.009497869018190385759 459.89717755109080599
21.009497869018190385759 1204.70596523661447463 21.009497869018190385759 465.19774070206432270
22.009497869018204596614 1222.60958520444683018 22.009497869018204596614 470.15906342719341637
23.009497869018190385759 1239.74964916075759902 23.009497869018190385759 474.79816583266097041
24.009497869018204596614 1256.18045960195422595 24.009497869018204596614 479.16432571135857188
25.009497869018204596614 1271.95293024023749240 25.009497869018204596614 483.28049881183693515
26.009497869018190385759 1287.11187638086221341 26.009497869018190385759 487.17081845390254102
27.009497869018204596614 1301.69817749730464129 27.009497869018204596614 490.86163357371526672
28.009497869018190385759 1315.74733777361529974 28.009497869018190385759 494.36167264987921044
29.009497869018190385759 1329.29120297082909019 29.009497869018190385759 497.65626899734508015
30.009497869018190385759 1342.35932567132135773 30.009497869018190385759 500.81179812290389464
31.009497869018218807469 1354.97877720410315305 31.009497869018218807469 503.80564016179573628
32.009497869018190385759 1367.17449282631923779 32.009497869018190385759 506.64993354945369219
33.009497869018190385759 1378.96954979044653555 33.009497869018190385759 509.34047363745986559
34.009497869018218807469 1390.38613703752207584 34.009497869018218807469 511.93317826353336386
35.009497869018190385759 1401.44402286974104754 35.009497869018190385759 514.40431066873657073
36.009497869018190385759 1412.16148136762899412 36.009497869018190385759 516.78606890367427695
37.009497869018190385759 1422.55544058231294002 37.009497869018190385759 519.07630735935254052
38.009497869018218807469 1432.64202235612583536 38.009497869018218807469 521.28517089591491640
39.009497869018190385759 1442.43597661791386599 39.009497869018190385759 523.42807753370766477
40.009497869018190385759 1451.95111580916204730 40.009497869018190385759 525.49832508405438602
41.009497869018218807469 1461.20070434231661238 41.009497869018218807469 527.49416354925938322
42.009497869018190385759 1470.19688662174235105 42.009497869018190385759 529.40837511294512296
43.009497869018190385759 1478.95107665333830482 43.009497869018190385759 531.28082127491359188
44.009497869018218807469 1487.47431344622577853 44.009497869018218807469 533.04762204230519274
46.009497869018190385759 1503.86909029793923764 46.009497869018190385759 536.44062496859123712
48.009497869018218807469 1519.45190184657326427 48.009497869018218807469 539.58765155154105742
50.009497869018190385759 1534.27915787698111671 50.009497869018190385759 542.39053185886655228
52.009497869018190385759 1548.40692567368660093 52.009497869018190385759 544.93350132710133948
54.009497869018218807469 1561.88843867934565424 54.009497869018218807469 547.25265505087895690
56.009497869018190385759 1574.76586448627904247 56.009497869018190385759 549.37239386175610889
58.009497869018218807469 1587.07595585113881498 58.009497869018218807469 551.37671931973193296
60.009497869018190385759 1598.85497511860353370 60.009497869018190385759 553.40172269555239382
62.009497869018190385759 1610.13346609043628632 62.009497869018190385759 555.37954993006655968
64.009497869018218807469 1620.94329837002032946 64.009497869018218807469 557.30984708411608608
66.009497869018190385759 1631.32704339340693878 66.009497869018190385759 559.38646818505515057
68.009497869018190385759 1641.32148197657352284 68.009497869018190385759 561.50580883645693575
70.009497869018190385759 1650.94882887055405263 70.009497869018190385759 563.32926279178161622
72.009497869018190385759 1660.23216422819587024 72.009497869018190385759 564.82607130035660248
74.009497869018218807469 1669.19286415704300452 74.009497869018218807469 566.24099453370649826
76.009497869018190385759 1677.84811311237581322 76.009497869018190385759 567.57805153048127522
78.009497869018190385759 1686.21992090713342805 78.009497869018190385759 569.08703109958082678
80.009497869018218807469 1694.32194289617655159 80.009497869018218807469 570.20635573631705029
82.009497869018190385759 1702.15409362669083748 82.009497869018190385759 571.47905896970405593
84.009497869018218807469 1709.72018368533895227 84.009497869018218807469 572.58830362184858132
86.009497869018190385759 1717.02646157670142202 86.009497869018190385759 573.21500089283370016
88.009497869018190385759 1724.09052907384648279 88.009497869018190385759 573.97275788130127694
91.009497869018218807469 1734.24881452829686168 91.009497869018218807469 574.86484486204426503
94.009497869018218807469 1743.91636669459239783 94.009497869018218807469 576.15414343479073978
97.009497869018218807469 1753.15938367493436090 97.009497869018218807469 578.16106825145789117
99.504748934509137825444 1760.57176872599484341 99.504748934509137825444 578.57552928130985492
nan nan nan nan

