Time Pressure difference Time.1 Pressure.1 difference.1
(hr) (psi) (hr) (psi)
0.000200000000020850166 0.14512581440417691 0.000200000000020850166 0.11686215473673270
0.000399999999999067768 0.27841931090800653 0.000399999999999067768 0.26774268783172422
0.000600000000019917934 0.40487203293651147 0.000600000000019917934 0.37615312590900124
0.000799999999998135536 0.52620426457853520 0.000799999999998135536 0.48009445048250027
0.001007140329434719206 0.64749967376512951 0.001007140329434719206 0.58354314117810813
0.001267914553977789183 0.79493302084577888 0.001267914553977789183 0.70799012649267667
0.001596209851982166583 0.97353691411251575 0.001596209851982166583 0.85600572690980559
0.002009509145224797066 1.18913174156097368 0.002009509145224797066 1.03117552935257328
0.002529822128153114136 1.44840096458149636 0.002529822128153114136 1.23740602631988850
0.003184857364431081805 1.75896343202122107 0.003184857364431081805 1.47890912406897446
0.004009497869034817086 2.12944146149609503 0.004009497869034817086 1.76018312331078719
0.005047658755856332391 2.56952428333346816 0.005047658755856332391 2.08599475910930821
0.006354625877790454069 3.09002769319494996 0.006354625877790454069 2.46136851839651571
0.008000000000009777068 3.70295235350494201 0.008000000000009777068 2.89159066739008130
0.010071403294361402914 4.42154498602988966 0.010071403294361402914 3.38223580899560217
0.012679145539692626699 5.26036846042328232 0.012679145539692626699 3.93922254494790458
0.015962098519750611558 6.23538799654835429 0.015962098519750611558 4.56890047680513778
0.020095091452091651263 7.36408044098729864 0.020095091452091651263 5.27816335944068982
0.025298221281360611101 8.66557134447766764 0.025298221281360611101 6.07458070271636785
0.031848573644296607199 10.16080310858503744 0.031848573644296607199 6.96655944940432814
0.040094978690191851456 11.87274407801167619 0.040094978690191851456 7.96358650685125458
0.050476587558435426217 13.82666493087948467 0.050476587558435426217 9.07659415263692360
0.063546258777947173257 16.05051115752247526 0.063546258777947173257 10.31832511540014785
0.080000000000012505552 18.57534065669828038 0.080000000000012505552 11.70326456088218769
0.100714032943542974863 21.43565527388709668 0.100714032943542974863 13.24653174656846133
0.126791455396883634421 24.66931508152274688 0.126791455396883634421 14.96140430714089753
0.159620985197506115583 28.31671326556866219 0.159620985197506115583 16.85598563976313713
0.200950914520774404082 32.41913524242553279 0.200950914520774404082 18.93034272401073537
0.252982212813464002465 37.01659050694893693 0.252982212813464002465 21.17578512657065204
0.318485736442809752589 42.14580823791184372 0.318485736442809752589 23.57576772860177883
0.400949786901833249431 47.83844538026302473 0.400949786901833249431 26.11160866545166570
0.504765875584169521062 54.12165652828591078 0.504765875584169521062 28.76583916273836650
0.635462587779443310865 61.01777129817923395 0.635462587779443310865 31.52640893734402994
0.800000000000011368684 68.54669144942688774 0.800000000000011368684 34.39231168618827184
1.007140329435344483500 76.72800495034485380 1.007140329435344483500 37.38058160206724523
1.267914553968907398485 85.58635960979286494 1.267914553968907398485 40.49903380075048887
1.596209851975117999245 95.14090392546118835 1.596209851975117999245 43.80118991971694697
2.009509145207687197399 105.43514344749689826 2.009509145207687197399 47.31610727571623443
2.529822128134725289783 116.49424872040744106 2.529822128134725289783 51.10508095234494164
3.184857364427983839050 128.37935442387492913 3.184857364427983839050 55.25148724551436175
4.009497869018204596614 141.13995332801621885 4.009497869018204596614 59.78637377466931468
5.009497869018190385759 154.36737701790349320 5.009497869018190385759 64.57356855548928820
6.009497869018190385759 165.85764079790953929 6.009497869018190385759 68.77949214842323045
7.009497869018204596614 176.06271008430528013 7.009497869018204596614 72.53062085245851165
8.009497869018190385759 185.26586207659025263 8.009497869018190385759 75.89724536150306733
9.009497869018204596614 193.65830270197525920 9.009497869018204596614 78.94138198628886016
10.009497869018190385759 201.37665726451891146 10.009497869018190385759 81.70298457656171820
11.009497869018190385759 208.52287519508831792 11.009497869018190385759 84.19625550342765052
12.009497869018204596614 215.17572009436781855 12.009497869018204596614 86.47612854490616030
13.009497869018190385759 221.39740187468203203 13.009497869018190385759 88.56616711303099976
14.009497869018204596614 227.23882125968131618 14.009497869018204596614 90.48367588717277954
15.009497869018190385759 232.74104161621377784 15.009497869018190385759 92.24919350436307752
16.009497869018190385759 237.93813413656880584 16.009497869018190385759 93.88058393724784878
17.009497869018204596614 242.85992023902690562 17.009497869018204596614 95.39448879317149022
18.009497869018190385759 247.53221415115183390 18.009497869018190385759 96.80809173535672585
19.009497869018204596614 251.97695790056587839 19.009497869018204596614 98.12580498520945582
20.009497869018190385759 256.21395175274125222 20.009497869018190385759 99.35417866916661467
21.009497869018190385759 260.25941787962500484 21.009497869018190385759 100.49928919398718108
22.009497869018204596614 264.12723778358872551 22.009497869018204596614 101.57111169807964757
23.009497869018190385759 267.83010237994096769 23.009497869018190385759 102.57332313088666353
24.009497869018204596614 271.37974294296111566 24.009497869018204596614 103.51656925167435475
25.009497869018204596614 274.78715864878182629 25.009497869018204596614 104.40580932015184601
26.009497869018190385759 278.06203120031995013 26.009497869018190385759 105.24625699338207596
27.009497869018204596614 281.21319202057583198 27.009497869018204596614 106.04360458051307603
28.009497869018190385759 284.24831127848705137 28.009497869018190385759 106.79973774396053443
29.009497869018190385759 287.17426879325262234 29.009497869018190385759 107.51148795711017669
30.009497869018190385759 289.99744897576431413 30.009497869018190385759 108.19319469470306672
31.009497869018218807469 292.72370019776843719 31.009497869018218807469 108.83997125989797894
32.009497869018190385759 295.35840936336961704 32.009497869018190385759 109.45443998729845703
33.009497869018190385759 297.90656198145501321 33.009497869018190385759 110.03569252301470272
34.009497869018218807469 300.37295165398586505 34.009497869018218807469 110.59580911261188874
35.009497869018190385759 302.76184903867454068 35.009497869018190385759 111.12966177030610027
36.009497869018190385759 305.07720198810687862 36.009497869018190385759 111.64420642239734605
37.009497869018190385759 307.32266756455311452 37.009497869018190385759 112.13897954088461972
38.009497869018218807469 309.50172866045477349 38.009497869018218807469 112.61617277706848483
39.009497869018190385759 311.61757178605267882 39.009497869018190385759 113.07911697276088603
40.009497869018190385759 313.67318092091022663 40.009497869018190385759 113.52636421637699016
41.009497869018218807469 315.67142165078996641 41.009497869018218807469 113.95753644605382249
42.009497869018190385759 317.61491759979730887 42.009497869018190385759 114.37107435624872664
43.009497869018190385759 319.50613459994167442 43.009497869018190385759 114.77558945137330682
44.009497869018218807469 321.34745747056547316 44.009497869018218807469 115.15728137662270569
46.009497869018190385759 324.88931349420960260 46.009497869018190385759 115.89029091749075917
48.009497869018218807469 328.25575607821292579 48.009497869018218807469 116.57016080289416493
50.009497869018190385759 331.45897174625201842 50.009497869018190385759 117.17568282919833678
52.009497869018190385759 334.51107302972741309 52.009497869018190385759 117.72505485240272094
54.009497869018218807469 337.42356024921275548 54.009497869018218807469 118.22607469918766299
56.009497869018190385759 340.20554310728078917 56.009497869018190385759 118.68401381868673639
58.009497869018218807469 342.86496150904338265 58.009497869018218807469 119.11701954123384439
60.009497869018190385759 345.40964941315041870 60.009497869018190385759 119.55449243088770572
62.009497869018190385759 347.84620536920340328 62.009497869018190385759 119.98177359290971822
64.009497869018218807469 350.18151434719817416 64.009497869018218807469 120.39878656382907707
66.009497869018190385759 352.42477329434404965 66.009497869018190385759 120.84741072149297736
68.009497869018190385759 354.58392817756714521 68.009497869018190385759 121.30526382435706978
70.009497869018190385759 356.66377817470765876 70.009497869018190385759 121.69919485702186535
72.009497869018190385759 358.66930942123610748 72.009497869018190385759 122.02255883326191110
74.009497869018218807469 360.60513991811393453 74.009497869018218807469 122.32823267209249707
76.009497869018190385759 362.47498212004552443 76.009497869018190385759 122.61708462907947137
78.009497869018190385759 364.28359093093973797 78.009497869018190385759 122.94307798810542920
80.009497869018218807469 366.03391639405145952 80.009497869018218807469 123.18489199648719534
82.009497869018190385759 367.72594004852783200 82.009497869018190385759 123.45984124735254284
84.009497869018218807469 369.36048511687721430 84.009497869018218807469 123.69947761986482249
86.009497869018190385759 370.93890149875289808 86.009497869018190385759 123.83486656259434255
88.009497869018190385759 372.46499180437211862 88.009497869018190385759 123.99856907457956368
91.009497869018218807469 374.65954345043383000 91.009497869018218807469 124.19129165171112561
94.009497869018218807469 376.74807921909899733 94.009497869018218807469 124.46982608724879071
97.009497869018218807469 378.74490025939564930 97.009497869018218807469 124.90339336390070457
99.504748934509137825444 380.34623956886747465 99.504748934509137825444 124.99293171556135462
nan nan nan nan

