Time Pressure difference Time.1 Pressure.1 difference.1
(hr) (psi) (hr) (psi)
0.000200000000020850166 0.51093263524769506 0.000200000000020850166 0.41142707054220845
0.000399999999999067768 0.98020819252664149 0.000399999999999067768 0.94261987520137969
0.000600000000019917934 1.42539999224555314 0.000600000000019917934 1.32429167523632896
0.000799999999998135536 1.85256449849040972 0.000799999999998135536 1.69022943133787473
0.001007140329434719206 2.27959936691537868 0.001007140329434719206 2.05443281146725720
0.001267914553977789183 2.79865594452405642 0.001267914553977789183 2.49256317729122756
0.001596209851982166583 3.42745212545798106 0.001596209851982166583 3.01366964680101646
0.002009509145224797066 4.18647927570177814 0.002009509145224797066 3.63037570385467889
0.002529822128153114136 5.09926731344928896 0.002529822128153114136 4.35643461843548430
0.003184857364431081805 6.19263929933244306 0.003184857364431081805 5.20667490587169812
0.004009497869034817086 7.49695112475171666 0.004009497869034817086 6.19693336711993670
0.005047658755856332391 9.04631487379772459 0.005047658755856332391 7.34399185810132682
0.006354625877790454069 10.87880883738221982 0.006354625877790454069 8.66553968074649461
0.008000000000009777068 13.03668277032925538 0.008000000000009777068 10.18018776199703801
0.010071403294361402914 15.56657332710522823 0.010071403294361402914 11.90756215228863901
0.012679145539692626699 18.51975081685104030 0.012679145539692626699 13.86849999071865369
0.015962098519750611558 21.95242268887900039 0.015962098519750611558 16.08535580236035401
0.020095091452091651263 25.92611825357899491 0.020095091452091651263 18.58239986854634651
0.025298221281360611101 30.50817127978478283 0.025298221281360611101 21.38628154616123567
0.031848573644296607199 35.77231197507000360 0.031848573644296607199 24.52659847393379522
0.040094978690191851456 41.79940312001018299 0.040094978690191851456 28.03675043391446664
0.050476587558435426217 48.67841313294169225 0.050476587558435426217 31.95522580541761570
0.063546258777947173257 56.50772742571056284 0.063546258777947173257 36.32688687535206640
0.080000000000012505552 65.39668901301507731 0.080000000000012505552 41.20273038702337232
0.100714032943542974863 75.46676573229323992 0.100714032943542974863 46.63598547889824886
0.126791455396883634421 86.85124845711358432 0.126791455396883634421 52.67339763802697661
0.159620985197506115583 99.69234618754327926 0.159620985197506115583 59.34349583483620449
0.200950914520774404082 114.13540912668369742 0.200950914520774404082 66.64651587886254447
0.252982212813464002465 130.32129544456765302 0.252982212813464002465 74.55186206931833226
0.318485736442809752589 148.37931456955558929 0.318485736442809752589 83.00128535378873096
0.400949786901833249431 168.42091852948271935 0.400949786901833249431 91.92901401290455965
0.504765875584169521062 190.54170829288290179 0.504765875584169521062 101.27354715541395080
0.635462587779443310865 214.82029792090935416 0.635462587779443310865 110.99246033095862174
0.800000000000011368684 241.32675391731217474 0.800000000000011368684 121.08221073024014913
1.007140329435344483500 270.13003804683262388 1.007140329435344483500 131.60276924851510216
1.267914553968907398485 301.31692584272434488 1.267914553968907398485 142.58164992738443289
1.596209851975117999245 334.95483186128859643 1.596209851975117999245 154.20728203694164904
2.009509145207687197399 371.19692254969265832 2.009509145207687197399 166.58196530574323901
2.529822128134725289783 410.13181379401174809 2.529822128134725289783 179.92149634253399881
3.184857364427983839050 451.97473748199269039 3.184857364427983839050 194.51941128188818197
4.009497869018204596614 496.89993877853129334 4.009497869018204596614 210.48501694896464187
5.009497869018190385759 543.46865207849532453 5.009497869018190385759 227.33890372886179421
6.009497869018190385759 583.92148796377421149 6.009497869018190385759 242.14635637821169212
7.009497869018204596614 619.84964426587885100 7.009497869018204596614 255.35264970221220437
8.009497869018190385759 652.25043195005753205 8.009497869018190385759 267.20525042219890111
9.009497869018204596614 681.79701415179954438 9.009497869018204596614 277.92249431255305581
10.009497869018190385759 708.97039645188885970 10.009497869018190385759 287.64504363810129917
11.009497869018190385759 734.12950390848095594 11.009497869018190385759 296.42289953010862291
12.009497869018204596614 757.55163311573835472 12.009497869018204596614 304.44946286686030135
13.009497869018190385759 779.45580144540133460 13.009497869018190385759 311.80769143402147847
14.009497869018204596614 800.02121092970287464 14.009497869018204596614 318.55850840690209225
15.009497869018190385759 819.39243001996919702 15.009497869018190385759 324.77422249216488126
16.009497869018190385759 837.68941038802324783 16.009497869018190385759 330.51772592340353185
17.009497869018204596614 855.01714187245045196 17.009497869018204596614 335.84760745224809853
18.009497869018190385759 871.46650652183870989 18.009497869018190385759 340.82436420231255170
19.009497869018204596614 887.11475384580660375 19.009497869018204596614 345.46352992215491895
20.009497869018190385759 902.03159302640347050 20.009497869018190385759 349.78816510845769017
21.009497869018190385759 916.27413614321574187 21.009497869018190385759 353.81966247161466299
22.009497869018204596614 929.89125467108829071 22.009497869018204596614 357.59314066901237084
23.009497869018190385759 942.92762848195707193 23.009497869018190385759 361.12154483709065289
24.009497869018204596614 955.42455891774466181 24.009497869018204596614 364.44235463347206405
25.009497869018204596614 967.42076988205155885 25.009497869018204596614 367.57302971991606455
26.009497869018190385759 978.95034695782726430 26.009497869018190385759 370.53192539422656182
27.009497869018204596614 990.04438221676969079 27.009497869018204596614 373.33908210562083241
28.009497869018190385759 1000.72987939797246781 28.009497869018190385759 376.00113855219098014
29.009497869018190385759 1011.03105972057505824 29.009497869018190385759 378.50693956034149323
30.009497869018190385759 1020.97040026003617186 30.009497869018190385759 380.90696895093913099
31.009497869018218807469 1030.56849090245259504 31.009497869018218807469 383.18402252840365918
32.009497869018190385759 1039.84429688237878509 32.009497869018190385759 385.34733253260230867
33.009497869018190385759 1048.81537027491640401 33.009497869018190385759 387.39370099597448416
34.009497869018218807469 1057.49858752408408691 34.009497869018218807469 389.36565785522640226
35.009497869018190385759 1065.90898398667377478 35.009497869018190385759 391.24514942844876941
36.009497869018190385759 1074.06045854575791054 36.009497869018190385759 393.05666487885252991
37.009497869018190385759 1081.96588632262773899 37.009497869018190385759 394.79857230115567290
38.009497869018218807469 1089.63752925304447672 38.009497869018218807469 396.47858766359678384
39.009497869018190385759 1097.08660582409265771 39.009497869018190385759 398.10843758966854011
40.009497869018190385759 1104.32362148959623482 40.009497869018190385759 399.68302453497670967
41.009497869018218807469 1111.35866488396686691 41.009497869018218807469 401.20101748791108776
42.009497869018190385759 1118.20097278691537213 42.009497869018190385759 402.65692672844261324
43.009497869018190385759 1124.85922645237178585 43.009497869018190385759 404.08107007880397532
44.009497869018218807469 1131.34182191956801944 44.009497869018218807469 405.42486175377990776
46.009497869018190385759 1143.81134596157289707 46.009497869018190385759 408.00550874559894510
48.009497869018218807469 1155.66330619288373782 48.009497869018218807469 410.39907128029233263
50.009497869018190385759 1166.94060671489773995 50.009497869018190385759 412.53088336259003199
52.009497869018190385759 1177.68589113043208272 52.009497869018190385759 414.46501270201571288
54.009497869018218807469 1187.93964768150658529 54.009497869018218807469 416.22891247188238140
56.009497869018190385759 1197.73394815604524410 56.009497869018190385759 417.84114143383010287
58.009497869018218807469 1207.09674593132285736 58.009497869018218807469 419.36558941578715576
60.009497869018190385759 1216.05562138753475665 60.009497869018190385759 420.90576458915626290
62.009497869018190385759 1224.63380550085526011 62.009497869018190385759 422.41005857709967586
64.009497869018218807469 1232.85553762441418257 64.009497869018218807469 423.87820218090342905
66.009497869018190385759 1240.75319670122166826 66.009497869018190385759 425.45763671535934236
68.009497869018190385759 1248.35475744988843871 68.009497869018190385759 427.06956284554576087
70.009497869018190385759 1255.67711594497609440 70.009497869018190385759 428.45644374920584596
72.009497869018190385759 1262.73782646754784764 72.009497869018190385759 429.59488496452513573
74.009497869018218807469 1269.55314723748369943 74.009497869018218807469 430.67104595381022136
76.009497869018190385759 1276.13614839170668347 76.009497869018190385759 431.68798351371793842
78.009497869018190385759 1282.50357013315374388 78.009497869018190385759 432.83568178286606098
80.009497869018218807469 1288.66579843885142509 80.009497869018218807469 433.68701666804514616
82.009497869018190385759 1294.62276831517783648 82.009497869018190385759 434.65500810279269217
84.009497869018218807469 1300.37737801457296882 84.009497869018218807469 435.49867636272000482
86.009497869018190385759 1305.93438001880531374 86.009497869018190385759 435.97532918686567882
88.009497869018190385759 1311.30716186796985312 88.009497869018190385759 436.55166328833939815
91.009497869018218807469 1319.03334111673348161 91.009497869018218807469 437.23016596968398062
94.009497869018218807469 1326.38627890022985412 94.009497869018218807469 438.21077947211819037
97.009497869018218807469 1333.41632410910915496 97.009497869018218807469 439.73720447187724858
99.504748934509137825444 1339.05402899761088520 99.504748934509137825444 440.05243485427018868
nan nan nan nan

