Time Pressure difference Time.1 Pressure.1 difference.1
(hr) (psi) (hr) (psi)
0.000200000000020850166 0.10024154190803973 0.000200000000020850166 0.08071922028207310
0.000399999999999067768 0.19231024567872615 0.000399999999999067768 0.18493567097655181
0.000600000000019917934 0.27965387842006462 0.000600000000019917934 0.25981710758662974
0.000799999999998135536 0.36346067759548306 0.000799999999998135536 0.33161163074564454
0.001007140329434719206 0.44724204270374929 0.001007140329434719206 0.40306588101993035
0.001267914553977789183 0.54907744738832143 0.001267914553977789183 0.48902410798978696
0.001596209851982166583 0.67244302314988214 0.001596209851982166583 0.59126168765935028
0.002009509145224797066 0.82135903798541487 0.002009509145224797066 0.71225526254249916
0.002529822128153114136 1.00044190337072436 0.002529822128153114136 0.85470313158177880
0.003184857364431081805 1.21495412314867846 0.003184857364431081805 1.02151454961465249
0.004009497869034817086 1.47085131876534403 0.004009497869034817086 1.21579659032806964
0.005047658755856332391 1.77482605137466343 0.005047658755856332391 1.44084174082807870
0.006354625877790454069 2.13434902519651182 0.006354625877790454069 1.70012052301614980
0.008000000000009777068 2.55770935757557849 0.008000000000009777068 1.99728427541376741
0.010071403294361402914 3.05405684602064520 0.010071403294361402914 2.33618349693510652
0.012679145539692626699 3.63345037987999886 0.012679145539692626699 2.72090629393308880
0.015962098519750611558 4.30691748215195602 0.015962098519750611558 3.15583847366952819
0.020095091452091651263 5.08652978913555653 0.020095091452091651263 3.64574170188171376
0.025298221281360611101 5.98549773278354369 0.025298221281360611101 4.19584440290718241
0.031848573644296607199 7.01828668324945948 0.031848573644296607199 4.81195343412463838
0.040094978690191851456 8.20076137347198397 0.040094978690191851456 5.50062160782509313
0.050476587558435426217 9.55037680792706745 0.050476587558435426217 6.26940008481107025
0.063546258777947173257 11.08643554179387358 0.063546258777947173257 7.12709054362690608
0.080000000000012505552 12.83038993813180184 0.080000000000012505552 8.08369820184645960
0.100714032943542974863 14.80607116856119099 0.100714032943542974863 9.14966625793904065
0.126791455396883634421 17.03963000476313638 0.126791455396883634421 10.33416586163340334
0.159620985197506115583 19.55896689477422967 0.159620985197506115583 11.64279420478484894
0.200950914520774404082 22.39259856951041883 0.200950914520774404082 13.07559755163627990
0.252982212813464002465 25.56816045325339104 0.252982212813464002465 14.62657323175498725
0.318485736442809752589 29.11102218494941596 0.318485736442809752589 16.28429317336411586
0.400949786901833249431 33.04304990183116075 0.400949786901833249431 18.03585340809548043
0.504765875584169521062 37.38299987005316183 0.504765875584169521062 19.86918787529350894
0.635462587779443310865 42.14629563894854414 0.635462587779443310865 21.77597318352628974
0.800000000000011368684 47.34668378465568850 0.800000000000011368684 23.75551425747025291
1.007140329435344483500 52.99769414095985098 1.007140329435344483500 25.81957698287119030
1.267914553968907398485 59.11635148305280296 1.267914553968907398485 27.97355942938435547
1.596209851975117999245 65.71588209284432480 1.596209851975117999245 30.25443015073232544
2.009509145207687197399 72.82633619569374162 2.009509145207687197399 32.68225966466997789
2.529822128134725289783 80.46509963162164070 2.529822128134725289783 35.29938581244444151
3.184857364427983839050 88.67439944741877866 3.184857364427983839050 38.16339840669549233
4.009497869018204596614 97.48842137089779669 4.009497869018204596614 41.29574271033859389
5.009497869018190385759 106.62488928040758651 5.009497869018190385759 44.60236178575033250
6.009497869018190385759 114.56146323154577260 6.009497869018190385759 47.50748426746758923
7.009497869018204596614 121.61032552214899738 7.009497869018204596614 50.09847007334763447
8.009497869018190385759 127.96714184671698433 8.009497869018190385759 52.42387050742994603
9.009497869018204596614 133.76398227868392610 9.009497869018204596614 54.52652157815828815
10.009497869018190385759 139.09521687343061558 10.009497869018190385759 56.43402027453232250
11.009497869018190385759 144.03126431000944763 11.009497869018190385759 58.15617648174899301
12.009497869018204596614 148.62652831260459152 12.009497869018204596614 59.73093414957435243
13.009497869018190385759 152.92397861447111040 13.009497869018190385759 61.17456903683584102
14.009497869018204596614 156.95877344740875969 14.009497869018204596614 62.49903386021213691
15.009497869018190385759 160.75927616790025354 15.009497869018190385759 63.71851510095181936
16.009497869018190385759 164.34902048608358882 16.009497869018190385759 64.84535179170727304
17.009497869018204596614 167.74860470118355238 17.009497869018204596614 65.89103865095351864
18.009497869018190385759 170.97585925904303394 18.009497869018190385759 66.86744480689587533
19.009497869018204596614 174.04593999317435760 19.009497869018204596614 67.77761787638179669
20.009497869018190385759 176.97252337560479418 20.009497869018190385759 68.62608217354807039
21.009497869018190385759 179.76681441169972686 21.009497869018190385759 69.41703480409424287
22.009497869018204596614 182.43840135567469929 22.009497869018204596614 70.15736581207563916
23.009497869018190385759 184.99605009748498219 23.009497869018190385759 70.84961494607635757
24.009497869018204596614 187.44786368225149431 24.009497869018204596614 71.50113546249671970
25.009497869018204596614 189.80143947905551727 25.009497869018204596614 72.11535282938324087
26.009497869018190385759 192.06346484970552524 26.009497869018190385759 72.69586823254225294
27.009497869018204596614 194.24003984926375210 27.009497869018204596614 73.24661347313789861
28.009497869018190385759 196.33646242947042992 28.009497869018190385759 73.76889101902429502
29.009497869018190385759 198.35748463039098510 29.009497869018190385759 74.26051230027198358
30.009497869018190385759 200.30751630284751741 30.009497869018190385759 74.73138190252686286
31.009497869018218807469 202.19059704381939468 31.009497869018218807469 75.17812447848622526
32.009497869018190385759 204.01044770459552069 32.009497869018190385759 75.60255133143294870
33.009497869018190385759 205.77051188409780025 33.009497869018190385759 76.00403504166995106
34.009497869018218807469 207.47410062697989019 34.009497869018218807469 76.39091969634017687
35.009497869018190385759 209.12416376898141834 35.009497869018190385759 76.75966328464441801
36.009497869018190385759 210.72342817735219000 36.009497869018190385759 77.11507041547034191
37.009497869018190385759 212.27441986417588282 37.009497869018190385759 77.45682091999246666
38.009497869018218807469 213.77954453866465201 38.009497869018218807469 77.78642861921224494
39.009497869018190385759 215.24100319242813839 39.009497869018190385759 78.10619419768021032
40.009497869018190385759 216.66085692475243718 40.009497869018190385759 78.41511755151812224
41.009497869018218807469 218.04108505776216020 41.009497869018218807469 78.71293754521242647
42.009497869018190385759 219.38349978542703411 42.009497869018190385759 78.99857713266663950
43.009497869018190385759 220.68980431129992326 43.009497869018190385759 79.27798446641249086
44.009497869018218807469 221.96164588173081711 44.009497869018218807469 79.54162734261568346
46.009497869018190385759 224.40808251661900385 46.009497869018190385759 80.04793290177197207
48.009497869018218807469 226.73335729113674120 48.009497869018218807469 80.51753375045267092
50.009497869018190385759 228.94588770101947262 50.009497869018190385759 80.93578092326070816
52.009497869018190385759 231.05404013393541618 52.009497869018190385759 81.31524407330908844
54.009497869018218807469 233.06575811028096723 54.009497869018218807469 81.66130932830488121
56.009497869018190385759 234.98733389884341705 56.009497869018190385759 81.97761779228876833
58.009497869018218807469 236.82425176397842392 58.009497869018218807469 82.27670421920277022
60.009497869018190385759 238.58192279052659046 60.009497869018190385759 82.57887621514925058
62.009497869018190385759 240.26490473955286120 62.009497869018190385759 82.87400856417475836
64.009497869018218807469 241.87795320888946549 64.009497869018218807469 83.16204845130461365
66.009497869018190385759 243.42742072908299633 66.009497869018190385759 83.47192286948484252
68.009497869018190385759 244.91879575151543236 68.009497869018190385759 83.78817191991674918
70.009497869018190385759 246.35539317222077216 70.009497869018190385759 84.06026861258210658
72.009497869018190385759 247.74065702291565572 72.009497869018190385759 84.28362311163449760
74.009497869018218807469 249.07777705684162584 74.009497869018218807469 84.49475864979585538
76.009497869018190385759 250.36931754683561735 76.009497869018190385759 84.69427494998272721
78.009497869018190385759 251.61856280796868646 78.009497869018190385759 84.91944562065015134
80.009497869018218807469 252.82755049898401012 80.009497869018218807469 85.08647179138807815
82.009497869018190385759 253.99626786857078287 82.009497869018190385759 85.27638519147032525
84.009497869018218807469 255.12528353433791040 84.009497869018218807469 85.44190722196849208
86.009497869018190385759 256.21552990120045479 86.009497869018190385759 85.53542329581260617
88.009497869018190385759 257.26963351436018002 88.009497869018190385759 85.64849616491578388
91.009497869018218807469 258.78545784720688516 91.009497869018218807469 85.78161382128499213
94.009497869018218807469 260.22805471834675473 94.009497869018218807469 85.97400358603782422
97.009497869018218807469 261.60730224102582042 97.009497869018218807469 86.27347789052936378
99.504748934509137825444 262.71338197024869032 99.504748934509137825444 86.33532396848053736
nan nan nan nan

