Time Pressure difference Time.1 Pressure.1 difference.1
(hr) (psi) (hr) (psi)
0.000200000000020850166 0.40470652367350368 0.000200000000020850166 0.32588879233284734
0.000399999999999067768 0.77641673815067791 0.000399999999999067768 0.74664326864413810
0.000600000000019917934 1.12905035988996238 0.000600000000019917934 1.04896309854004977
0.000799999999998135536 1.46740467596385304 0.000799999999998135536 1.33882009129398272
0.001007140329434719206 1.80565630673677879 0.001007140329434719206 1.62730329575956967
0.001267914553977789183 2.21679775400807388 0.001267914553977789183 1.97434360016772215
0.001596209851982166583 2.71486325017974783 0.001596209851982166583 2.38710875390827226
0.002009509145224797066 3.31608387723962261 0.002009509145224797066 2.87559773907083605
0.002529822128153114136 4.03909753525046078 0.002529822128153114136 3.45070443422195750
0.003184857364431081805 4.90515060166742511 0.003184857364431081805 4.12417441299646992
0.004009497869034817086 5.93828778695560633 0.004009497869034817086 4.90855190572750466
0.005047658755856332391 7.16552905816188712 0.005047658755856332391 5.81712971483575103
0.006354625877790454069 8.61703598978591678 0.006354625877790454069 6.86391942501296359
0.008000000000009777068 10.32627434662976107 0.008000000000009777068 8.06366263431976371
0.010071403294361402914 12.33018472908335106 0.010071403294361402914 9.43190501374546741
0.012679145539692626699 14.66937802623193754 0.012679145539692626699 10.98515152998358779
0.015962098519750611558 17.38837580480752720 0.015962098519750611558 12.74110906160608003
0.020095091452091651263 20.53591504419653901 0.020095091452091651263 14.71900194565676934
0.025298221281360611101 24.16533039877535316 0.025298221281360611101 16.93993896994616222
0.031848573644296607199 28.33502310177580341 0.031848573644296607199 19.42736423777186161
0.040094978690191851456 33.10904405259957883 0.040094978690191851456 22.20773350621921693
0.050476587558435426217 38.55786457528763123 0.050476587558435426217 25.31153317822976945
0.063546258777947173257 44.75941513515287795 0.063546258777947173257 28.77429838882206070
0.080000000000012505552 51.80030564574107643 0.080000000000012505552 32.63642333730548017
0.100714032943542974863 59.77675001635525120 0.100714032943542974863 36.94007048914194513
0.126791455396883634421 68.79432710878251100 0.126791455396883634421 41.72226665032590631
0.159620985197506115583 78.96567977666312288 0.159620985197506115583 47.00560943872091002
0.200950914520774404082 90.40593900078458489 0.200950914520774404082 52.79028563757632497
0.252982212813464002465 103.22667765082152869 0.252982212813464002465 59.05206058492125010
0.318485736442809752589 117.53032091087787592 0.318485736442809752589 65.74479557305960498
0.400949786901833249431 133.40514923052731433 0.400949786901833249431 72.81639323716159140
0.504765875584169521062 150.92688753506536159 0.504765875584169521062 80.21813910846111639
0.635462587779443310865 170.15780552739673226 0.635462587779443310865 87.91642904692331228
0.800000000000011368684 191.15340244402031544 0.800000000000011368684 95.90845681560750791
1.007140329435344483500 213.96830246462147329 1.007140329435344483500 104.24172498308442414
1.267914553968907398485 238.67123994277289967 1.267914553968907398485 112.93802724848461594
1.596209851975117999245 265.31561352409534038 1.596209851975117999245 122.14661725034470408
2.009509145207687197399 294.02274538709184526 2.009509145207687197399 131.94852595960043118
2.529822128134725289783 324.86282761721867018 2.529822128134725289783 142.51468451143617244
3.184857364427983839050 358.00634403771306324 3.184857364427983839050 154.07760103001686502
4.009497869018204596614 393.59131314668439927 4.009497869018204596614 166.72385676338194571
5.009497869018190385759 430.47809776642162660 5.009497869018190385759 180.07371437381291912
6.009497869018190385759 462.52053439004674829 6.009497869018190385759 191.80260439328336020
7.009497869018204596614 490.97900080210905571 7.009497869018204596614 202.26322619164977823
8.009497869018190385759 516.64346073935735149 8.009497869018190385759 211.65159660089256022
9.009497869018204596614 540.04712248334340075 9.009497869018204596614 220.14065801331071270
10.009497869018190385759 561.57098752631316074 10.009497869018190385759 227.84182812329839862
11.009497869018190385759 581.49935814712773663 11.009497869018190385759 234.79471251213584537
12.009497869018204596614 600.05187923223195412 12.009497869018204596614 241.15250279790839727
13.009497869018190385759 617.40203306290209184 13.009497869018190385759 246.98090932035967171
14.009497869018204596614 633.69176444065772102 14.009497869018204596614 252.32818894309522761
15.009497869018190385759 649.03558512562710803 15.009497869018190385759 257.25161693742484204
16.009497869018190385759 663.52850808187486109 16.009497869018190385759 261.80100984562415078
17.009497869018204596614 677.25369509955442027 17.009497869018204596614 266.02277544899885697
18.009497869018190385759 690.28313327718115033 18.009497869018190385759 269.96483313828861128
19.009497869018204596614 702.67801146498004528 19.009497869018204596614 273.63948709792947511
20.009497869018190385759 714.49354586718050086 20.009497869018190385759 277.06500340216052791
21.009497869018190385759 725.77497460245933780 21.009497869018190385759 280.25832708220133327
22.009497869018204596614 736.56100845835828750 22.009497869018204596614 283.24727540546950877
23.009497869018190385759 746.88703808014463448 23.009497869018190385759 286.04210213303963428
24.009497869018204596614 756.78577800073185244 24.009497869018204596614 288.67249466575162842
25.009497869018204596614 766.28790118036590684 25.009497869018204596614 291.15228269176367348
26.009497869018190385759 775.42040659470660557 26.009497869018190385759 293.49600532690573118
27.009497869018204596614 784.20792207799763673 27.009497869018204596614 295.71953648483292909
28.009497869018190385759 792.67183712196651868 28.009497869018190385759 297.82813463650848007
29.009497869018190385759 800.83133720180239834 29.009497869018190385759 299.81296383915776005
30.009497869018190385759 808.70422626746653805 30.009497869018190385759 301.71401200945541632
31.009497869018218807469 816.30681343810670114 31.009497869018218807469 303.51765181239591129
32.009497869018190385759 823.65412095661315561 32.009497869018190385759 305.23119604705397023
33.009497869018190385759 830.76005171117094505 33.009497869018190385759 306.85211162345854063
34.009497869018218807469 837.63797342683676561 34.009497869018218807469 308.41408623671668465
35.009497869018190385759 844.29979551506676216 35.009497869018190385759 309.90281967904951443
36.009497869018190385759 850.75652719363824872 36.009497869018190385759 311.33770966245856471
37.009497869018190385759 857.01836676506832191 37.009497869018190385759 312.71746356504422693
38.009497869018218807469 863.09502683147434254 38.009497869018218807469 314.04819315667037927
39.009497869018190385759 868.99539348584789877 39.009497869018190385759 315.33918702197757966
40.009497869018190385759 874.72778803202299969 40.009497869018190385759 316.58640742814407076
41.009497869018218807469 880.30020161380093668 41.009497869018218807469 317.78880008925318634
42.009497869018190385759 885.71995062623898320 42.009497869018190385759 318.94201663263174851
43.009497869018190385759 890.99391143591981290 43.009497869018190385759 320.07007161439673837
44.009497869018218807469 896.12873449265941872 44.009497869018218807469 321.13448053996336284
46.009497869018190385759 906.00576598127520356 46.009497869018190385759 323.17859477506442545
48.009497869018218807469 915.39362906347014359 48.009497869018218807469 325.07452058951412255
50.009497869018190385759 924.32630780784722901 50.009497869018190385759 326.76311551853763149
52.009497869018190385759 932.83757994372433586 52.009497869018190385759 328.29512719149414579
54.009497869018218807469 940.95951595270150847 54.009497869018218807469 329.69230109412643515
56.009497869018190385759 948.71751969607680621 56.009497869018190385759 330.96933750468826929
58.009497869018218807469 956.13373286800242568 58.009497869018218807469 332.17684315364698477
60.009497869018190385759 963.23000171399178271 60.009497869018190385759 333.39680621190854026
62.009497869018190385759 970.02472734401567322 62.009497869018190385759 334.58834800909357909
64.009497869018218807469 976.53710959708359951 64.009497869018218807469 335.75125531459548256
66.009497869018190385759 982.79279563010379661 66.009497869018190385759 337.00231546560672768
68.009497869018190385759 988.81394404156594646 68.009497869018190385759 338.27911200503700684
70.009497869018190385759 994.61393810575702901 70.009497869018190385759 339.37765163736509066
72.009497869018190385759 1000.20668245818944797 72.009497869018190385759 340.27940375667361650
74.009497869018218807469 1005.60505513247244380 74.009497869018218807469 341.13182410104144537
76.009497869018190385759 1010.81940890177656911 76.009497869018190385759 341.93733393985564817
78.009497869018190385759 1015.86300357545565021 78.009497869018190385759 342.84641851322186312
80.009497869018218807469 1020.74406582052495196 80.009497869018218807469 343.52075551597715730
82.009497869018190385759 1025.46254415594626153 82.009497869018190385759 344.28749543720476822
84.009497869018218807469 1030.02073426922970611 84.009497869018218807469 344.95575975436537419
86.009497869018190385759 1034.42240057126446118 86.009497869018190385759 345.33331345548225499
88.009497869018190385759 1038.67814724827485406 88.009497869018190385759 345.78982406880180633
91.009497869018218807469 1044.79800518909632956 91.009497869018218807469 346.32726177100886389
94.009497869018218807469 1050.62222091511648614 94.009497869018218807469 347.10399955258554883
97.009497869018218807469 1056.19067546563405813 97.009497869018218807469 348.31307118489837649
99.504748934509137825444 1060.65626601421286068 99.504748934509137825444 348.56276318617887000
nan nan nan nan

