Time Pressure difference Time.1 Pressure.1 difference.1
(hr) (psi) (hr) (psi)
0.000200000000020850166 0.63660859823687910 0.000200000000020850166 0.51262728701525528
0.000399999999999067768 1.22131357516862638 0.000399999999999067768 1.17447952239586262
0.000600000000019917934 1.77601082489160444 0.000600000000019917934 1.65003252653896926
0.000799999999998135536 2.30824654204295543 0.000799999999998135536 2.10598132660107096
0.001007140329434719206 2.84032073388724360 0.001007140329434719206 2.55976913991015476
0.001267914553977789183 3.48705155020493729 0.001267914553977789183 3.10566802909931861
0.001596209851982166583 4.27051502015335505 0.001596209851982166583 3.75495295670229146
0.002009509145224797066 5.21624284571334318 0.002009509145224797066 4.52335245092288663
0.002529822128153114136 6.35355268483945057 0.002529822128153114136 5.42800272370219172
0.003184857364431081805 7.71586536417556257 0.003184857364431081805 6.48737971434379990
0.004009497869034817086 9.34100352439782000 0.004009497869034817086 7.72121565947154487
0.005047658755856332391 11.27146992328237829 0.005047658755856332391 9.15042030928876748
0.006354625877790454069 13.55470910777784610 0.006354625877790454069 10.79703406781151998
0.008000000000009777068 16.24336315893147287 0.008000000000009777068 12.68424565953071692
0.010071403294361402914 19.39554011913111253 0.010071403294361402914 14.83650862605802878
0.012679145539692626699 23.07512144237223239 0.012679145539692626699 17.27978549356013716
0.015962098519750611558 27.35214012918891413 0.015962098519750611558 20.04192941114006388
0.020095091452091651263 32.30326007876386996 0.020095091452091651263 23.15318050971147912
0.025298221281360611101 38.01237739252832881 0.025298221281360611101 26.64674318562695632
0.031848573644296607199 44.57135796600962863 0.031848573644296607199 30.55949531671692299
0.040094978690191851456 52.08095469272132760 0.040094978690191851456 34.93305215118771656
0.050476587558435426217 60.65201987720845977 0.050476587558435426217 39.81536919533000685
0.063546258777947173257 70.40713914975064824 0.063546258777947173257 45.26234367631714406
0.080000000000012505552 81.48255102500122860 0.080000000000012505552 51.33751619232341312
0.100714032943542974863 94.02960122720577374 0.100714032943542974863 58.10720884706062606
0.126791455396883634421 108.21436667204049797 0.126791455396883634421 65.62966528544795608
0.159620985197506115583 124.21403602576766900 0.159620985197506115583 73.94043185277541852
0.200950914520774404082 142.20971181084601653 0.200950914520774404082 83.03980236151100769
0.252982212813464002465 162.37689959491518721 0.252982212813464002465 92.88965537480218870
0.318485736442809752589 184.87671551785041402 0.318485736442809752589 103.41741410845419580
0.400949786901833249431 209.84802586909194133 0.400949786901833249431 114.54112873350187840
0.504765875584169521062 237.40994693593461307 0.504765875584169521062 126.18417076025954771
0.635462587779443310865 267.66042976675532827 0.635462587779443310865 138.29368044164829143
0.800000000000011368684 300.68677537867154115 0.800000000000011368684 150.86524353065061632
1.007140329435344483500 336.57490831311065449 1.007140329435344483500 163.97358218226403892
1.267914553968907398485 375.43294859759652127 1.267914553968907398485 177.65297816720959645
1.596209851975117999245 417.34489299261576889 1.596209851975117999245 192.13820939009858080
2.009509145207687197399 462.50158285474157083 2.009509145207687197399 207.55673861667276014
2.529822128134725289783 511.01343124261205730 2.529822128134725289783 224.17744273425537926
3.184857364427983839050 563.14861141607002537 3.184857364427983839050 242.36606003058102488
4.009497869018204596614 619.12422825846283558 4.009497869018204596614 262.25878392909066861
5.009497869018190385759 677.14761774348392009 5.009497869018190385759 283.25828268413084743
6.009497869018190385759 727.55078514959279801 6.009497869018190385759 301.70797844488748751
7.009497869018204596614 772.31632103991637450 7.009497869018204596614 318.16267188372268038
8.009497869018190385759 812.68684859370250706 8.009497869018190385759 332.93070001360365495
9.009497869018204596614 849.50111133701523158 9.009497869018204596614 346.28410345531870007
10.009497869018190385759 883.35842954693623597 10.009497869018190385759 358.39814368378364406
11.009497869018190385759 914.70601438670178140 11.009497869018190385759 369.33512079080890089
12.009497869018204596614 943.88937010467532218 12.009497869018204596614 379.33600717378936906
13.009497869018190385759 971.18138657399185831 13.009497869018190385759 388.50416604736790305
14.009497869018204596614 996.80534480406618059 14.009497869018204596614 396.91550608239197118
15.009497869018190385759 1020.94137327524708780 15.009497869018190385759 404.66012202171634726
16.009497869018190385759 1043.73892860938167360 16.009497869018190385759 411.81637593091710414
17.009497869018204596614 1065.32882537841192061 17.009497869018204596614 418.45726785045849283
18.009497869018190385759 1085.82430021974346346 18.009497869018190385759 424.65817560200287062
19.009497869018204596614 1105.32160398650285060 19.009497869018204596614 430.43845382687243273
20.009497869018190385759 1123.90759248238555301 20.009497869018190385759 435.82683529618964258
21.009497869018190385759 1141.65342585340636106 21.009497869018190385759 440.84997476331488997
22.009497869018204596614 1158.61999666924748453 22.009497869018204596614 445.55162914982355460
23.009497869018190385759 1174.86297487283377450 23.009497869018190385759 449.94792775455954370
24.009497869018204596614 1190.43382084773156748 24.009497869018204596614 454.08556924316945924
25.009497869018204596614 1205.38078355728544011 25.009497869018204596614 457.98630789406820440
26.009497869018190385759 1219.74633273954782453 26.009497869018190385759 461.67301392457807196
27.009497869018204596614 1233.56920829644354853 27.009497869018204596614 465.17065720627130077
28.009497869018190385759 1246.88305617521905333 28.009497869018190385759 468.48750938201249028
29.009497869018190385759 1259.71805537658747198 29.009497869018190385759 471.60967139948843396
30.009497869018190385759 1272.10221174420325951 30.009497869018190385759 474.60004476903247905
31.009497869018218807469 1284.06117973350978900 31.009497869018218807469 477.43719351635655812
32.009497869018190385759 1295.61858952694615255 32.009497869018190385759 480.13262076902572062
33.009497869018190385759 1306.79631054751666852 33.009497869018190385759 482.68234194373974333
34.009497869018218807469 1317.61537039970062324 34.009497869018218807469 485.13934822078721254
35.009497869018190385759 1328.09450274181472196 35.009497869018190385759 487.48114518830141151
36.009497869018190385759 1338.25102521587086812 36.009497869018190385759 489.73824569824813580
37.009497869018190385759 1348.10097988368397637 37.009497869018190385759 491.90861643965376970
38.009497869018218807469 1357.65964479405693055 38.009497869018218807469 494.00187130559424986
39.009497869018190385759 1366.94099788624112080 39.009497869018190385759 496.03262135989444914
40.009497869018190385759 1375.95812867883842046 40.009497869018190385759 497.99451519658151710
41.009497869018218807469 1384.72360734444464470 41.009497869018218807469 499.88589441026698523
42.009497869018190385759 1393.24894266715227786 42.009497869018190385759 501.69991895447247998
43.009497869018190385759 1401.54495126056895060 43.009497869018190385759 503.47436403669428273
44.009497869018218807469 1409.62209436830539744 44.009497869018218807469 505.14869304899963254
46.009497869018190385759 1425.15879269882657354 46.009497869018190385759 508.36411118961154898
48.009497869018218807469 1439.92602279669699783 48.009497869018218807469 511.34642702712852724
50.009497869018190385759 1453.97724204154883410 50.009497869018190385759 514.00260869921544327
52.009497869018190385759 1467.36558323864960585 52.009497869018190385759 516.41248288347787820
54.009497869018218807469 1480.14149367051550144 54.009497869018218807469 518.61025551035413628
56.009497869018190385759 1492.34493393966977237 56.009497869018190385759 520.61905030774437364
58.009497869018218807469 1504.01073321750482137 58.009497869018218807469 522.51847231747422029
60.009497869018190385759 1515.17325593088162350 60.009497869018190385759 524.43748999322394866
62.009497869018190385759 1525.86144726387692572 62.009497869018190385759 526.31180065755756914
64.009497869018218807469 1536.10550881167841908 64.009497869018218807469 528.14106889597189820
66.009497869018190385759 1545.94578388395234469 66.009497869018190385759 530.10900270098215969
68.009497869018190385759 1555.41712824283308692 68.009497869018190385759 532.11742017797860171
70.009497869018190385759 1564.54059395193917226 70.009497869018190385759 533.84543723363708523
72.009497869018190385759 1573.33805318284498753 72.009497869018190385759 535.26390498508180826
74.009497869018218807469 1581.82976324904643661 74.009497869018218807469 536.60477321624091473
76.009497869018190385759 1590.03200919669461655 76.009497869018190385759 537.87185061518880502
78.009497869018190385759 1597.96564887747285866 78.009497869018190385759 539.30185241174092425
80.009497869018218807469 1605.64362294504007878 80.009497869018218807469 540.36259324232275958
82.009497869018190385759 1613.06585041905759681 82.009497869018190385759 541.56868505926297530
84.009497869018218807469 1620.23594244568312206 84.009497869018218807469 542.61987347682975269
86.009497869018190385759 1627.15982049195213222 86.009497869018190385759 543.21377033385465438
88.009497869018190385759 1633.85416508000366775 88.009497869018190385759 543.93186743539797590
91.009497869018218807469 1643.48078080576897264 91.009497869018218807469 544.77726389487713732
94.009497869018218807469 1652.64234750233640625 94.009497869018218807469 545.99908247550877149
97.009497869018218807469 1661.40159856054469856 97.009497869018218807469 547.90096779731709375
99.504748934509137825444 1668.42603027374343583 99.504748934509137825444 548.29373654609651112
nan nan nan nan

