Time Pressure difference Time.1 Pressure.1 difference.1
(hr) (psi) (hr) (psi)
0.000200000000020850166 0.29399198484969857 0.000200000000020850166 0.23673622067802036
0.000399999999999067768 0.56401437725178638 0.000399999999999067768 0.54238596040137954
0.000600000000019917934 0.82017891208272686 0.000600000000019917934 0.76200092001153352
0.000799999999998135536 1.06597049473899119 0.000799999999998135536 0.97256246927640522
0.001007140329434719206 1.31168748345204067 0.001007140329434719206 1.18212605403606452
0.001267914553977789183 1.61035400614634594 0.001267914553977789183 1.43422742119392743
0.001596209851982166583 1.97216498580525146 0.001596209851982166583 1.73407345709048255
0.002009509145224797066 2.40891120841991091 0.002009509145224797066 2.08892774760598599
0.002529822128153114136 2.93413185093055695 0.002529822128153114136 2.50670396053461975
0.003184857364431081805 3.56326097311515433 0.003184857364431081805 2.99593446267580932
0.004009497869034817086 4.31376543488642028 0.004009497869034817086 3.56573179103680049
0.005047658755856332391 5.20527341933016974 0.005047658755856332391 4.22575226974205176
0.006354625877790454069 6.25969527538976944 0.006354625877790454069 4.98617436974139405
0.008000000000009777068 7.50134162333733112 0.008000000000009777068 5.85770686744485580
0.010071403294361402914 8.95704731706054957 0.010071403294361402914 6.85164264399624567
0.012679145539692626699 10.65631342755850319 0.012679145539692626699 7.97997144414704351
0.015962098519750611558 12.63148186929640815 0.015962098519750611558 9.25555612053824284
0.020095091452091651263 14.91795676962891015 0.020095091452091651263 10.69236185701129394
0.025298221281360611101 17.55448215659651368 0.025298221281360611101 12.30572276375016827
0.031848573644296607199 20.58348258594804037 0.031848573644296607199 14.11266940008196258
0.040094978690191851456 24.05148671473499533 0.040094978690191851456 16.13242008862135535
0.050476587558435426217 28.00968720533833789 0.050476587558435426217 18.38712114425933208
0.063546258777947173257 32.51469528302232703 0.063546258777947173257 20.90258644511473207
0.080000000000012505552 37.62942720661043694 0.080000000000012505552 23.70815965168402073
0.100714032943542974863 43.42377588988468773 0.100714032943542974863 26.83446895052270875
0.126791455396883634421 49.97443725277545923 0.126791455396883634421 30.30841181807408802
0.159620985197506115583 57.36323872870352147 0.159620985197506115583 34.14640389910780272
0.200950914520774404082 65.67381520759397517 0.200950914520774404082 38.34858087905266899
0.252982212813464002465 74.98721685170583839 0.252982212813464002465 42.89733791104260519
0.318485736442809752589 85.37784864690388531 0.318485736442809752589 47.75915833680669920
0.400949786901833249431 96.90984038372869236 0.400949786901833249431 52.89619693568300818
0.504765875584169521062 109.63820111142456426 0.504765875584169521062 58.27306593276380653
0.635462587779443310865 123.60816556796102361 0.635462587779443310865 63.86535418750621318
0.800000000000011368684 138.86005020425136536 0.800000000000011368684 69.67102315810305413
1.007140329435344483500 155.43353580147177695 1.007140329435344483500 75.72458025573416762
1.267914553968907398485 173.37855323014738929 1.267914553968907398485 82.04185713244815759
1.596209851975117999245 192.73389300364041787 1.596209851975117999245 88.73127648684928204
2.009509145207687197399 213.58768749931073216 2.009509145207687197399 95.85170185235297424
2.529822128134725289783 235.99092653154704635 2.529822128134725289783 103.52730316634824703
3.184857364427983839050 260.06745509578792053 3.184857364427983839050 111.92698189426363342
4.009497869018204596614 285.91753431912565020 4.009497869018204596614 121.11363347136618529
5.009497869018190385759 312.71329468059832379 5.009497869018190385759 130.81140434179016552
6.009497869018190385759 335.98996305968273646 6.009497869018190385759 139.33165162025943573
7.009497869018204596614 356.66311888212356962 7.009497869018204596614 146.93058760317626366
8.009497869018190385759 375.30661750566997625 8.009497869018190385759 153.75060529417888233
9.009497869018204596614 392.30779877255815791 9.009497869018204596614 159.91733567325528043
10.009497869018190385759 407.94343456162857819 10.009497869018190385759 165.51171617829257343
11.009497869018190385759 422.42005129726652513 11.009497869018190385759 170.56251759199517437
12.009497869018204596614 435.89720617054928198 12.009497869018204596614 175.18102328942327972
13.009497869018190385759 448.50092235438165744 13.009497869018190385759 179.41496739907827873
14.009497869018204596614 460.33431317038537145 14.009497869018204596614 183.29940527659229588
15.009497869018190385759 471.48056368645370640 15.009497869018190385759 186.87594354234374805
16.009497869018190385759 482.00869441067800381 16.009497869018190385759 190.18077055329072778
17.009497869018204596614 491.97911677287407883 17.009497869018204596614 193.24759843152781968
18.009497869018190385759 501.44412454331273921 18.009497869018190385759 196.11123738141850481
19.009497869018204596614 510.44816729341431483 19.009497869018204596614 198.78062556282122841
20.009497869018190385759 519.03135587024394226 20.009497869018190385759 201.26903204630144728
21.009497869018190385759 527.22655271491044005 21.009497869018190385759 203.58876625379878078
22.009497869018204596614 535.06187860283694135 22.009497869018204596614 205.76003555332630413
23.009497869018190385759 542.56304245008652742 23.009497869018190385759 207.79028861050753108
24.009497869018204596614 549.75380915764799283 24.009497869018204596614 209.70109131911348754
25.009497869018204596614 556.65646056170749034 25.009497869018204596614 211.50249001453443043
26.009497869018190385759 563.29060959652440488 26.009497869018190385759 213.20504638350081450
27.009497869018204596614 569.67414672209440596 27.009497869018204596614 214.82029175330742987
28.009497869018190385759 575.82260996105890172 28.009497869018190385759 216.35204604833242570
29.009497869018190385759 581.74993626674370262 29.009497869018190385759 217.79389055229020755
30.009497869018190385759 587.46905900760509667 30.009497869018190385759 219.17487378875412674
31.009497869018218807469 592.99182565836588310 31.009497869018218807469 220.48509641824693972
32.009497869018190385759 598.32914886497042062 32.009497869018190385759 221.72987069591906106
33.009497869018190385759 603.49112813768977048 33.009497869018190385759 222.90735650280814184
34.009497869018218807469 608.48747422688882125 34.009497869018218807469 224.04202567657975464
35.009497869018190385759 613.32683851649017015 35.009497869018190385759 225.12349008108398607
36.009497869018190385759 618.01721846044335962 36.009497869018190385759 226.16584084537194599
37.009497869018190385759 622.56602243747101966 37.009497869018190385759 227.16813896684359975
38.009497869018218807469 626.98030599772539517 38.009497869018218807469 228.13482423395831233
39.009497869018190385759 631.26652428824070284 39.009497869018190385759 229.07264417677851043
40.009497869018190385759 635.43072217483370423 40.009497869018190385759 229.97866565482553369
41.009497869018218807469 639.47870468433222868 41.009497869018218807469 230.85212280051109701
42.009497869018190385759 643.41578668412557818 42.009497869018190385759 231.68985681446261538
43.009497869018190385759 647.24696339060346872 43.009497869018190385759 232.50931265149336014
44.009497869018218807469 650.97706590686721029 44.009497869018218807469 233.28253392274598355
46.009497869018190385759 658.15206290321839333 46.009497869018190385759 234.76744500295811235
48.009497869018218807469 664.97171205534891669 48.009497869018218807469 236.14470719349179717
50.009497869018190385759 671.46070049627348908 50.009497869018190385759 237.37135748389147238
52.009497869018190385759 677.64356546743738363 52.009497869018190385759 238.48426060306323393
54.009497869018218807469 683.54360401000315051 54.009497869018218807469 239.49921317928223630
56.009497869018190385759 689.17927031526471637 56.009497869018190385759 240.42689397290664033
58.009497869018218807469 694.56664883017549528 58.009497869018218807469 241.30406535930362111
60.009497869018190385759 699.72160937818625825 60.009497869018190385759 242.19028621308694937
62.009497869018190385759 704.65751912421103498 62.009497869018190385759 243.05586093821401050
64.009497869018218807469 709.38832545592197221 64.009497869018218807469 243.90063463703518210
66.009497869018190385759 713.93265930245979689 66.009497869018190385759 244.80944543065328389
68.009497869018190385759 718.30661739063850746 68.009497869018190385759 245.73695197408414970
70.009497869018190385759 722.51992176628925790 70.009497869018190385759 246.53496690108036660
72.009497869018190385759 726.58267320899904007 72.009497869018190385759 247.19002897665944829
74.009497869018218807469 730.50422674133403689 74.009497869018218807469 247.80925484604307485
76.009497869018190385759 734.29210295452526225 76.009497869018190385759 248.39440339808368208
78.009497869018190385759 737.95593420546038033 78.009497869018190385759 249.05479200683211616
80.009497869018218807469 741.50169661269194421 80.009497869018218807469 249.54465234339932067
82.009497869018190385759 744.92935277871879407 82.009497869018190385759 250.10163716602858130
84.009497869018218807469 748.24057036563283418 84.009497869018218807469 250.58708610622102242
86.009497869018190385759 751.43808396396855187 86.009497869018190385759 250.86135339742054384
88.009497869018190385759 754.52959679957859862 88.009497869018190385759 251.19297755829779817
91.009497869018218807469 758.97526070113656260 91.009497869018218807469 251.58338978929106133
94.009497869018218807469 763.20616047992734821 94.009497869018218807469 252.14763738293183337
97.009497869018218807469 767.25126702032196135 97.009497869018218807469 253.02594635058238737
99.504748934509137825444 770.49521727095316237 99.504748934509137825444 253.20733074337945823
nan nan nan nan

