Time Pressure difference Time.1 Pressure.1 difference.1
(hr) (psi) (hr) (psi)
0.000200000000020850166 0.75629999155991168 0.000200000000020850166 0.60900844556101419
0.000399999999999067768 1.45093774911337414 0.000399999999999067768 1.39529823400965580
0.000600000000019917934 2.10992590360212962 0.000600000000019917934 1.96026190873196016
0.000799999999998135536 2.74222944066442809 0.000799999999998135536 2.50193551256601943
0.001007140329434719206 3.37434108338425753 0.001007140329434719206 3.04104183366529535
0.001267914553977789183 4.14266641275815672 0.001267914553977789183 3.68957741177369147
0.001596209851982166583 5.07343206272037950 0.001596209851982166583 4.46093706137017243
0.002009509145224797066 6.19697005524816724 0.002009509145224797066 5.37380649574975067
0.002529822128153114136 7.54811018140150924 0.002529822128153114136 6.44854377633715181
0.003184857364431081805 9.16655685450234436 0.003184857364431081805 7.70709857955532573
0.004009497869034817086 11.09724390501315483 0.004009497869034817086 9.17291308075879286
0.005047658755856332391 13.39066520850585640 0.005047658755856332391 10.87082835803871461
0.006354625877790454069 16.10318555577368116 0.006354625877790454069 12.82702872215916123
0.008000000000009777068 19.29734448140977676 0.008000000000009777068 15.06906270480088672
0.010071403294361402914 23.04217515915576442 0.010071403294361402914 17.62598145821934992
0.012679145539692626699 27.41356965715431926 0.012679145539692626699 20.52862882959964708
0.015962098519750611558 32.49472816757931071 0.015962098519750611558 23.81009475283502042
0.020095091452091651263 38.37672848370185363 0.020095091452091651263 27.50630492986874742
0.025298221281360611101 45.15924035704599504 0.025298221281360611101 31.65670665178478416
0.031848573644296607199 52.95140176690450318 0.031848573644296607199 36.30511135746275642
0.040094978690191851456 61.87290857149383783 0.040094978690191851456 41.50095854859080902
0.050476587558435426217 72.05545487174823904 0.050476587558435426217 47.30122004286561577
0.063546258777947173257 83.64467412502690991 0.063546258777947173257 53.77230253437912211
0.080000000000012505552 96.80241960784516664 0.080000000000012505552 60.98969314975202849
0.100714032943542974863 111.70849217474152226 0.100714032943542974863 69.03218348340575972
0.126791455396883634421 128.56019354339949246 0.126791455396883634421 77.96896780680127392
0.159620985197506115583 147.56802634788616047 0.159620985197506115583 87.84227567938420123
0.200950914520774404082 168.94714293861963483 0.200950914520774404082 98.65245615450955086
0.252982212813464002465 192.90604640476996678 0.252982212813464002465 110.35422042764396622
0.318485736442809752589 219.63614499241685962 0.318485736442809752589 122.86134625575465407
0.400949786901833249431 249.30241381157688352 0.400949786901833249431 136.07647608645169157
0.504765875584169521062 282.04636469122198150 0.504765875584169521062 149.90857419344581558
0.635462587779443310865 317.98436485803711093 0.635462587779443310865 164.29484245182894142
0.800000000000011368684 357.22012915139470124 0.800000000000011368684 179.23003667389869520
1.007140329435344483500 399.85573713813732866 1.007140329435344483500 194.80292783345353769
1.267914553968907398485 446.01963693557001989 1.267914553968907398485 211.05424315751926656
1.596209851975117999245 495.81161787959410958 1.596209851975117999245 228.26290210739091435
2.009509145207687197399 549.45840219288334083 2.009509145207687197399 246.58033224612941581
2.529822128134725289783 607.09116214604091510 2.529822128134725289783 266.32596310732338907
3.184857364427983839050 669.02849135328642660 3.184857364427983839050 287.93429693409802894
4.009497869018204596614 735.52831347744540835 4.009497869018204596614 311.56713343397257177
5.009497869018190385759 804.46091837680637582 5.009497869018190385759 336.51483407010141491
6.009497869018190385759 864.34059199322962286 6.009497869018190385759 358.43333279410251180
7.009497869018204596614 917.52267987233312851 7.009497869018204596614 377.98174062801837181
8.009497869018190385759 965.48343587336466953 8.009497869018190385759 395.52636629113192157
9.009497869018204596614 1009.21929913245878652 9.009497869018204596614 411.39039787700022544
10.009497869018190385759 1049.44227058983847201 10.009497869018190385759 425.78204848919534697
11.009497869018190385759 1086.68364341357892044 11.009497869018190385759 438.77533151528530198
12.009497869018204596614 1121.35388152271070794 12.009497869018204596614 450.65652556134085671
13.009497869018190385759 1153.77718193455439177 13.009497869018190385759 461.54842758388832635
14.009497869018204596614 1184.21880563679292209 14.009497869018204596614 471.54121815428703712
15.009497869018190385759 1212.89274780408322840 15.009497869018190385759 480.74193109747972130
16.009497869018190385759 1239.97656501067558565 16.009497869018190385759 489.24366165235858261
17.009497869018204596614 1265.62566681266093838 17.009497869018204596614 497.13313489637306475
18.009497869018190385759 1289.97457993203352089 18.009497869018190385759 504.49990074456513867
19.009497869018204596614 1313.13765173954698184 19.009497869018204596614 511.36695278374622831
20.009497869018190385759 1335.21806815474951691 20.009497869018190385759 517.76842595117238943
21.009497869018190385759 1356.30036843454035989 21.009497869018190385759 523.73598646969605852
22.009497869018204596614 1376.45689381035163024 22.009497869018204596614 529.32161817916767177
23.009497869018190385759 1395.75378095938299339 23.009497869018190385759 534.54448291405378768
24.009497869018204596614 1414.25216554295730020 24.009497869018204596614 539.46005934764309586
25.009497869018204596614 1432.00936800988893083 25.009497869018204596614 544.09419186945115143
26.009497869018190385759 1449.07584300785288178 26.009497869018190385759 548.47405062015093336
27.009497869018204596614 1465.49761408660924644 27.009497869018204596614 552.62930015927190652
28.009497869018190385759 1481.31465310592989226 28.009497869018190385759 556.56976731517579537
29.009497869018190385759 1496.56281314421858042 29.009497869018190385759 560.27893981772365350
30.009497869018190385759 1511.27536553864797497 30.009497869018190385759 563.83154554816906057
31.009497869018218807469 1525.48278814404034165 31.009497869018218807469 567.20211826678792022
32.009497869018190385759 1539.21315395034389439 32.009497869018190385759 570.40432385133374282
33.009497869018190385759 1552.49244414046916063 33.009497869018190385759 573.43342856065908109
34.009497869018218807469 1565.34563980504981373 34.009497869018218807469 576.35238666417842524
35.009497869018190385759 1577.79499679432979065 35.009497869018190385759 579.13447448339923085
36.009497869018190385759 1589.86108871121700759 36.009497869018190385759 581.81594171672020366
37.009497869018190385759 1601.56297375135682159 37.009497869018190385759 584.39437276203273086
38.009497869018218807469 1612.91880245216384537 38.009497869018218807469 586.88118905987744256
39.009497869018190385759 1623.94518080257353176 39.009497869018190385759 589.29374876010967910
40.009497869018190385759 1634.65765933525926812 40.009497869018190385759 591.62450630287185049
41.009497869018218807469 1645.07117159251902194 41.009497869018218807469 593.87149147917727987
42.009497869018190385759 1655.19939017213982879 42.009497869018190385759 596.02657821735795096
43.009497869018190385759 1665.05516536361369617 43.009497869018190385759 598.13464399658982984
44.009497869018218807469 1674.65092527186448024 44.009497869018218807469 600.12377047301833954
46.009497869018190385759 1693.10874197240173089 46.009497869018190385759 603.94373256486164792
48.009497869018218807469 1710.65241956223326270 48.009497869018218807469 607.48676583363908321
50.009497869018190385759 1727.34546616216925941 50.009497869018190385759 610.64234711504911957
52.009497869018190385759 1743.25100429409485514 52.009497869018190385759 613.50531162772756488
54.009497869018218807469 1758.42896604100042168 54.009497869018218807469 616.11629649937492559
56.009497869018190385759 1772.92682516216950717 56.009497869018190385759 618.50277304480562179
58.009497869018218807469 1786.78595920434463551 58.009497869018218807469 620.75931317622382721
60.009497869018190385759 1800.04719359121190791 60.009497869018190385759 623.03913323519316236
62.009497869018190385759 1812.74491560961178038 62.009497869018190385759 625.26584073418416665
64.009497869018218807469 1824.91500518050179380 64.009497869018218807469 627.43903719603713398
66.009497869018190385759 1836.60539072464871424 66.009497869018190385759 629.77697030633714803
68.009497869018190385759 1847.85748137897098786 68.009497869018190385759 632.16299858981949455
70.009497869018190385759 1858.69628729190435479 70.009497869018190385759 634.21590721880977526
72.009497869018190385759 1869.14779291169952558 72.009497869018190385759 635.90106690942161549
74.009497869018218807469 1879.23606421243925979 74.009497869018218807469 637.49403727569858802
76.009497869018190385759 1888.98044805858808104 76.009497869018190385759 638.99934309278012279
78.009497869018190385759 1898.40572387206225358 78.009497869018190385759 640.69820539162162731
80.009497869018218807469 1907.52726533188683788 80.009497869018218807469 641.95838045592040544
82.009497869018190385759 1916.34497623227662189 82.009497869018190385759 643.39123454161563131
84.009497869018218807469 1924.86314666578800825 84.009497869018218807469 644.64006120455337623
86.009497869018190385759 1933.08881141875872345 86.009497869018190385759 645.34561904527265597
88.009497869018190385759 1941.04178718670232229 88.009497869018190385759 646.19872852783475992
91.009497869018218807469 1952.47834241437431047 91.009497869018218807469 647.20307144268008415
94.009497869018218807469 1963.36241283767594723 94.009497869018218807469 648.65460914540472004
97.009497869018218807469 1973.76852660953090890 97.009497869018218807469 650.91407572630737377
99.504748934509137825444 1982.11365053672693648 99.504748934509137825444 651.38069053831213751
nan nan nan nan

