Time Pressure difference Time.1 Pressure.1 difference.1
(hr) (psi) (hr) (psi)
0.000200000000020850166 0.21843679281453432 0.000200000000020850166 0.17589561434601003
0.000399999999999067768 0.41906411744916444 0.000399999999999067768 0.40299414869517258
0.000600000000019917934 0.60939501864670798 0.000600000000019917934 0.56616862250220801
0.000799999999998135536 0.79201878998418684 0.000799999999998135536 0.72261638938603134
0.001007140329434719206 0.97458713783205064 0.001007140329434719206 0.87832266610313170
0.001267914553977789183 1.19649712415962584 0.001267914553977789183 1.06563462338072967
0.001596209851982166583 1.46532360268481776 0.001596209851982166583 1.28842099101888286
0.002009509145224797066 1.78982715740105314 0.002009509145224797066 1.55207863180902805
0.002529822128153114136 2.18006743122575752 0.002529822128153114136 1.86248742105880138
0.003184857364431081805 2.64751196984637405 0.003184857364431081805 2.22598692901103368
0.004009497869034817086 3.20513869462298873 0.004009497869034817086 2.64934779384922603
0.005047658755856332391 3.86753139553284875 0.005047658755856332391 3.13974468896864911
0.006354625877790454069 4.65096951759239907 0.006354625877790454069 3.70474024418444570
0.008000000000009777068 5.57351591352290310 0.008000000000009777068 4.35229110761806037
0.010071403294361402914 6.65510894804498765 0.010071403294361402914 5.09078791869441094
0.012679145539692626699 7.91766799197731164 0.012679145539692626699 5.92913908827210356
0.015962098519750611558 9.38522317006247064 0.015962098519750611558 6.87690174859329950
0.020095091452091651263 11.08407983901181026 0.020095091452091651263 7.94445206678701688
0.025298221281360611101 13.04302491024473731 0.025298221281360611101 9.14318332573803971
0.031848573644296607199 15.29357993663314907 0.031848573644296607199 10.48574927436115267
0.040094978690191851456 17.87031582875984626 0.040094978690191851456 11.98642917526064977
0.050476587558435426217 20.81126886503509965 0.050476587558435426217 13.66167779675248006
0.063546258777947173257 24.15850132987918641 0.063546258777947173257 15.53067491596310745
0.080000000000012505552 27.95876016369019723 0.080000000000012505552 17.61522294730720972
0.100714032943542974863 32.26397597925274141 0.100714032943542974863 19.93807871132985099
0.126791455396883634421 37.13113404023011555 0.126791455396883634421 22.51922710146980577
0.159620985197506115583 42.62103233786623235 0.159620985197506115583 25.37086498356101316
0.200950914520774404082 48.79581180818688324 0.200950914520774404082 28.49309317222234128
0.252982212813464002465 55.71569292798499617 0.252982212813464002465 31.87283122143623970
0.318485736442809752589 63.43595879108379876 0.318485736442809752589 35.48517616882330117
0.400949786901833249431 72.00425799503507562 0.400949786901833249431 39.30200891913342787
0.504765875584169521062 81.46146240339942324 0.504765875584169521062 43.29703626556496232
0.635462587779443310865 91.84118154158936420 0.635462587779443310865 47.45212066857967415
0.800000000000011368684 103.17337063521985385 0.800000000000011368684 51.76574748642770629
1.007140329435344483500 115.48751260567368604 1.007140329435344483500 56.26355581342080114
1.267914553968907398485 128.82070621680162503 1.267914553968907398485 60.95730860731516287
1.596209851975117999245 143.20177291873537229 1.596209851975117999245 65.92756420905850234
2.009509145207687197399 158.69619529210874020 2.009509145207687197399 71.21805837375845272
2.529822128134725289783 175.34185889875757880 2.529822128134725289783 76.92104968084909444
3.184857364427983839050 193.23078088541998909 3.184857364427983839050 83.16203234891852958
4.009497869018204596614 212.43745552464295656 4.009497869018204596614 89.98773784640947326
5.009497869018190385759 232.34677365581353570 5.009497869018190385759 97.19320627939625012
6.009497869018190385759 249.64139748963702914 6.009497869018190385759 103.52377168731743495
7.009497869018204596614 265.00160486916053060 7.009497869018204596614 109.16980045833962265
8.009497869018190385759 278.85377178538328735 8.009497869018190385759 114.23709095648914058
9.009497869018204596614 291.48569272668441954 9.009497869018204596614 118.81898731956880511
10.009497869018190385759 303.10300990329653814 10.009497869018190385759 122.97562626987640044
11.009497869018190385759 313.85917297405046611 11.009497869018190385759 126.72838457216944619
12.009497869018204596614 323.87273333791443974 12.009497869018204596614 130.15994605728144506
13.009497869018190385759 333.23732653302658946 13.009497869018190385759 133.30577730414975690
14.009497869018204596614 342.02956601972653061 14.009497869018204596614 136.19192453120851383
15.009497869018190385759 350.31125851512592817 15.009497869018190385759 138.84930156326814199
16.009497869018190385759 358.13368643236128719 16.009497869018190385759 141.30479644163077069
17.009497869018204596614 365.54173561750445742 17.009497869018204596614 143.58345735879422023
18.009497869018190385759 372.57426047492958787 18.009497869018190385759 145.71114838517607382
19.009497869018204596614 379.26428714930534625 19.009497869018204596614 147.69451059629466272
20.009497869018190385759 385.64161810206411474 20.009497869018190385759 149.54340294534355849
21.009497869018190385759 391.73067021056954218 21.009497869018190385759 151.26697136414566103
22.009497869018204596614 397.55233728251505454 22.009497869018204596614 152.88022997855284757
23.009497869018190385759 403.12572110795235858 23.009497869018190385759 154.38871316607685458
24.009497869018204596614 408.46847906878690537 24.009497869018204596614 155.80844444066445931
25.009497869018204596614 413.59716662600158088 25.009497869018204596614 157.14688825507391812
26.009497869018190385759 418.52635623965682043 26.009497869018190385759 158.41189196942045214
27.009497869018204596614 423.26934056705232479 27.009497869018204596614 159.61202338922589661
28.009497869018190385759 427.83766439854753116 28.009497869018190385759 160.75012072802309149
29.009497869018190385759 432.24168292592662510 29.009497869018190385759 161.82141486327924440
30.009497869018190385759 436.49100567486175350 30.009497869018190385759 162.84748892192419589
31.009497869018218807469 440.59443534921842911 31.009497869018218807469 163.82098766953717472
32.009497869018190385759 444.56008007270065718 32.009497869018190385759 164.74585812521212347
33.009497869018190385759 448.39544380713846294 33.009497869018190385759 165.62073307587780846
34.009497869018218807469 452.10774166476215896 34.009497869018218807469 166.46379515918903280
35.009497869018190385759 455.70340164584007425 35.009497869018190385759 167.26732596355350324
36.009497869018190385759 459.18836587900625545 36.009497869018190385759 168.04179523371146843
37.009497869018190385759 462.56813880850268106 37.009497869018190385759 168.78650528834182865
38.009497869018218807469 465.84796272604535261 38.009497869018218807469 169.50475490156699721
39.009497869018190385759 469.03263382230602474 39.009497869018190385759 170.20155750539271367
40.009497869018190385759 472.12664344796797877 40.009497869018190385759 170.87473376897978028
41.009497869018218807469 475.13430475273543152 41.009497869018218807469 171.52371465076143409
42.009497869018190385759 478.05956669660218950 42.009497869018190385759 172.14615315476609680
43.009497869018190385759 480.90614073805653561 43.009497869018190385759 172.75501092680931947
44.009497869018218807469 483.67761639899549664 44.009497869018218807469 173.32951629883419287
46.009497869018190385759 489.00865742427424721 46.009497869018190385759 174.43280900983145898
48.009497869018218807469 494.07567409710395623 48.009497869018218807469 175.45611832188194512
50.009497869018190385759 498.89700902013197492 50.009497869018190385759 176.36752260889647914
52.009497869018190385759 503.49089342618759702 52.009497869018190385759 177.19441245825564124
54.009497869018218807469 507.87463707613460429 54.009497869018218807469 177.94852480496288649
56.009497869018190385759 512.06195148106178294 56.009497869018190385759 178.63779399513674662
58.009497869018218807469 516.06478742598289955 58.009497869018218807469 179.28953456721794169
60.009497869018190385759 519.89493623010275769 60.009497869018190385759 179.94799891659386049
62.009497869018190385759 523.56232973096587102 62.009497869018190385759 180.59112313984351772
64.009497869018218807469 527.07733087310236897 64.009497869018218807469 181.21879214761901267
66.009497869018190385759 530.45378248427039125 66.009497869018190385759 181.89404087977294466
68.009497869018190385759 533.70364447345161807 68.009497869018190385759 182.58318060160959817
70.009497869018190385759 536.83414034543636717 70.009497869018190385759 183.17610772294011667
72.009497869018190385759 539.85277500515951488 72.009497869018190385759 183.66282051191996061
74.009497869018218807469 542.76649925819219789 74.009497869018218807469 184.12290690851037311
76.009497869018190385759 545.58090092295515205 76.009497869018190385759 184.55767377160415776
78.009497869018190385759 548.30313686512579352 78.009497869018190385759 185.04834418828241382
80.009497869018218807469 550.93764735599506821 80.009497869018218807469 185.41231166481580317
82.009497869018190385759 553.48440460912433991 82.009497869018190385759 185.82615280529353186
84.009497869018218807469 555.94464770169145140 84.009497869018218807469 186.18684260309552769
86.009497869018190385759 558.32040844142193237 86.009497869018190385759 186.39062389833790689
88.009497869018190385759 560.61741034472515821 88.009497869018190385759 186.63702149369706262
91.009497869018218807469 563.92054993570445731 91.009497869018218807469 186.92709877474044333
94.009497869018218807469 567.06411923699431554 94.009497869018218807469 187.34633617256002935
97.009497869018218807469 570.06964368939952692 97.009497869018218807469 187.99892197040725250
99.504748934509137825444 572.47990697994487164 99.504748934509137825444 188.13369103579341868
nan nan nan nan

