Time Pressure difference Time.1 Pressure.1 difference.1
(hr) (psi) (hr) (psi)
0.000200000000020850166 0.23713857302125813 0.000200000000020850166 0.19095517036878487
0.000399999999999067768 0.45494289462803128 0.000399999999999067768 0.43749707238482777
0.000600000000019917934 0.66156924969522757 0.000600000000019917934 0.61464196346986288
0.000799999999998135536 0.85982861789379184 0.000799999999998135536 0.78448423094305453
0.001007140329434719206 1.05802781744095897 0.001007140329434719206 0.95352152450237260
0.001267914553977789183 1.29893694643356650 0.001267914553977789183 1.15687046442360053
0.001596209851982166583 1.59077939058591511 0.001596209851982166583 1.39873100737323908
0.002009509145224797066 1.94306578389086959 0.002009509145224797066 1.68496207631322559
0.002529822128153114136 2.36671704006357908 0.002529822128153114136 2.02194696053301382
0.003184857364431081805 2.87418251520993318 0.003184857364431081805 2.41656800170033481
0.004009497869034817086 3.47955125409413490 0.004009497869034817086 2.87617551592535836
0.005047658755856332391 4.19865565884901670 0.005047658755856332391 3.40855844658582852
0.006354625877790454069 5.04916896259174841 0.006354625877790454069 4.02192690892626548
0.008000000000009777068 6.05070049516013686 0.008000000000009777068 4.72491877094152457
0.010071403294361402914 7.22489567304883984 0.010071403294361402914 5.52664304871961765
0.012679145539692626699 8.59555052553701238 0.012679145539692626699 6.43677085952827710
0.015962098519750611558 10.18875255106097022 0.015962098519750611558 7.46567758323313679
0.020095091452091651263 12.03305927728336933 0.020095091452091651263 8.62462775743659016
0.025298221281360611101 14.15972224845062222 0.025298221281360611101 9.92599011732519898
0.031848573644296607199 16.60296178052297478 0.031848573644296607199 11.38350178072768948
0.040094978690191851456 19.40030862231805031 0.040094978690191851456 13.01266454985488430
0.050476587558435426217 22.59305558293194238 0.050476587558435426217 14.83134199167991873
0.063546258777947173257 26.22686616976610452 0.063546258777947173257 16.86035598753529285
0.080000000000012505552 30.35248962975956388 0.080000000000012505552 19.12337559690542932
0.100714032943542974863 35.02630268980520611 0.100714032943542974863 21.64510599825877435
0.126791455396883634421 40.31016948887994999 0.126791455396883634421 24.44724312043125991
0.159620985197506115583 46.27009332569724620 0.159620985197506115583 27.54302808146863413
0.200950914520774404082 52.97353542190150932 0.200950914520774404082 30.93257032737836809
0.252982212813464002465 60.48587211702481170 0.252982212813464002465 34.60166951094276300
0.318485736442809752589 68.86711964648480944 0.318485736442809752589 38.52329056683898756
0.400949786901833249431 78.16900611104834695 0.400949786901833249431 42.66690694303184728
0.504765875584169521062 88.43590267766307988 0.504765875584169521062 47.00397430200031579
0.635462587779443310865 99.70429639960214274 0.635462587779443310865 51.51480223267040515
0.800000000000011368684 112.00670716220784584 0.800000000000011368684 56.19774641506022306
1.007140329435344483500 125.37514210958410388 1.007140329435344483500 61.08064107141915144
1.267914553968907398485 139.84987626961000728 1.267914553968907398485 66.17625626205105505
1.596209851975117999245 155.46219868232574868 1.596209851975117999245 71.57204744613542857
2.009509145207687197399 172.28319831369338999 2.009509145207687197399 77.31549487836106493
2.529822128134725289783 190.35400435241834316 2.529822128134725289783 83.50675598914095588
3.184857364427983839050 209.77451212561007310 3.184857364427983839050 90.28206936509306502
4.009497869018204596614 230.62559384010896224 4.009497869018204596614 97.69216745654726708
5.009497869018190385759 252.23947687977013743 5.009497869018190385759 105.51454243345415307
6.009497869018190385759 271.01480480895526171 6.009497869018190385759 112.38710830438229493
7.009497869018204596614 287.69009843672563420 7.009497869018204596614 118.51652994963582444
8.009497869018190385759 302.72823854783047182 8.009497869018190385759 124.01766381235295000
9.009497869018204596614 316.44165956972244658 9.009497869018204596614 128.99184582295654877
10.009497869018190385759 329.05361006624997344 10.009497869018190385759 133.50436139572198613
11.009497869018190385759 340.73067750950002619 11.009497869018190385759 137.57841749786888386
12.009497869018204596614 351.60156324698249364 12.009497869018204596614 141.30377705533635435
13.009497869018190385759 361.76791955811444268 13.009497869018190385759 144.71894316923106771
14.009497869018204596614 371.31291927484011239 14.009497869018204596614 147.85219204244211255
15.009497869018190385759 380.30366078525656803 15.009497869018190385759 150.73708423135616385
16.009497869018190385759 388.79581712006347516 16.009497869018190385759 153.40280983560600703
17.009497869018204596614 396.83811709160585224 17.009497869018204596614 155.87656158471838808
18.009497869018190385759 404.47274167997494487 18.009497869018190385759 158.18641793870145307
19.009497869018204596614 411.73554461071842070 19.009497869018204596614 160.33958855830618973
20.009497869018190385759 418.65887992587101962 20.009497869018190385759 162.34677648518461979
21.009497869018190385759 425.26925498887175081 21.009497869018190385759 164.21791069326769730
22.009497869018204596614 431.58935246081250625 22.009497869018204596614 165.96929076438786410
23.009497869018190385759 437.63990955897571666 23.009497869018190385759 167.60692490974778934
24.009497869018204596614 443.44009542741588348 24.009497869018204596614 169.14820851948849167
25.009497869018204596614 449.00788294672088341 25.009497869018204596614 170.60124512622752491
26.009497869018190385759 454.35909221907945721 26.009497869018190385759 171.97455395310370818
27.009497869018204596614 459.50815397176569377 27.009497869018204596614 173.27743635063220040
28.009497869018190385759 464.46760141897112817 28.009497869018190385759 174.51297353007987567
29.009497869018190385759 469.24867632711897159 29.009497869018190385759 175.67598805362848680
30.009497869018190385759 473.86181095524375451 30.009497869018190385759 176.78991091866427610
31.009497869018218807469 478.31656166336381375 31.009497869018218807469 177.84675716179202709
32.009497869018190385759 482.62173076385653303 32.009497869018190385759 178.85081173182274483
33.009497869018190385759 486.78546468103735378 33.009497869018190385759 179.80059035977143367
34.009497869018218807469 490.81559625934795577 34.009497869018218807469 180.71583241596891867
35.009497869018190385759 494.71910384154557505 35.009497869018190385759 181.58815866591254462
36.009497869018190385759 498.50243830015404001 36.009497869018190385759 182.42893523659770949
37.009497869018190385759 502.17157535032657734 37.009497869018190385759 183.23740471371351646
38.009497869018218807469 505.73220611012453674 38.009497869018218807469 184.01714830067376738
39.009497869018190385759 509.18953740298297816 39.009497869018190385759 184.77360866167632025
40.009497869018190385759 512.54844511303372201 40.009497869018190385759 185.50441987933766086
41.009497869018218807469 515.81361166649696770 41.009497869018218807469 186.20896419277863743
42.009497869018190385759 518.98932411925648012 42.009497869018190385759 186.88469366459196408
43.009497869018190385759 522.07961169165730553 43.009497869018190385759 187.54567967054299515
44.009497869018218807469 525.08837122767658911 44.009497869018218807469 188.16937214633711051
46.009497869018190385759 530.87583699827030159 46.009497869018190385759 189.36712484971428694
48.009497869018218807469 536.37667359171905446 48.009497869018218807469 190.47804626039922482
50.009497869018190385759 541.61079403897883822 50.009497869018190385759 191.46748173637050172
52.009497869018190385759 546.59799046610089590 52.009497869018190385759 192.36516694954462992
54.009497869018218807469 551.35705463402280202 54.009497869018218807469 193.18384370949738127
56.009497869018190385759 555.90287198457735940 56.009497869018190385759 193.93212567280255598
58.009497869018218807469 560.24841648642654945 58.009497869018218807469 194.63966595139757487
60.009497869018190385759 564.40648898952929358 60.009497869018190385759 195.35450567315155013
62.009497869018190385759 568.38787165998701312 62.009497869018190385759 196.05269190181641648
64.009497869018218807469 572.20381468073094311 64.009497869018218807469 196.73409969450420931
66.009497869018190385759 575.86934605312910662 66.009497869018190385759 197.46716081810964738
68.009497869018190385759 579.39744965097315799 68.009497869018190385759 198.21530222845973412
70.009497869018190385759 582.79596742980584168 70.009497869018190385759 198.85899365812335304
72.009497869018190385759 586.07304683779307197 72.009497869018190385759 199.38737706259806259
74.009497869018218807469 589.23623378372235493 74.009497869018218807469 199.88685441780063456
76.009497869018190385759 592.29159449512599167 76.009497869018190385759 200.35884447122779761
78.009497869018190385759 595.24689858303042911 78.009497869018190385759 200.89152434138878789
80.009497869018218807469 598.10696647893985300 80.009497869018218807469 201.28665341694042468
82.009497869018190385759 600.87176801743976284 82.009497869018190385759 201.73592616191112370
84.009497869018218807469 603.54264836108291092 84.009497869018218807469 202.12749693555232966
86.009497869018190385759 606.12181327373536988 86.009497869018190385759 202.34872525949697319
88.009497869018190385759 608.61547629889685140 88.009497869018190385759 202.61621853939033144
91.009497869018218807469 612.20141893704908398 91.009497869018218807469 202.93113120408466443
94.009497869018218807469 615.61412944564119698 94.009497869018218807469 203.38626221473128908
97.009497869018218807469 618.87697619705363650 97.009497869018218807469 204.09472008431197310
99.504748934509137825444 621.49359764603605072 99.504748934509137825444 204.24102759707707833
nan nan nan nan

