Time Pressure difference Time.1 Pressure.1 difference.1
(hr) (psi) (hr) (psi)
0.000200000000020850166 0.72413292960434661 0.000200000000020850166 0.58310600920184152
0.000399999999999067768 1.38922625236572306 0.000399999999999067768 1.33595320526344863
0.000600000000019917934 2.02018622619867605 0.000600000000019917934 1.87688776226759368
0.000799999999998135536 2.62559653665990700 0.000799999999998135536 2.39552282508793946
0.001007140329434719206 3.23082311445693504 0.001007140329434719206 2.91169979721860139
0.001267914553977789183 3.96646991844697894 0.001267914553977789183 3.53265176517995361
0.001596209851982166583 4.85764810753049137 0.001596209851982166583 4.27120383324067987
0.002009509145224797066 5.93339961768568269 0.002009509145224797066 5.14524697120253105
0.002529822128153114136 7.22707285420045586 0.002529822128153114136 6.17427336844150609
0.003184857364431081805 8.77668351647702139 0.003184857364431081805 7.37929913452972830
0.004009497869034817086 10.62525430272278371 0.004009497869034817086 8.78276939878784546
0.005047658755856332391 12.82113147560204602 0.005047658755856332391 10.40846869493716653
0.006354625877790454069 15.41828251037480157 0.006354625877790454069 12.28146765880323166
0.008000000000009777068 18.47658700099373164 0.008000000000009777068 14.42814312388452791
0.010071403294361402914 22.06214199214913663 0.010071403294361402914 16.87631063457599367
0.012679145539692626699 26.24761169943163708 0.012679145539692626699 19.65550218303902952
0.015962098519750611558 31.11265763226189662 0.015962098519750611558 22.79740031725450322
0.020095091452091651263 36.74448384987476857 0.020095091452091651263 26.33640274195148478
0.025298221281360611101 43.23852093533187002 0.025298221281360611101 30.31027897025487050
0.031848573644296607199 50.69926499541400489 0.031848573644296607199 34.76097704651231624
0.040094978690191851456 59.24132096657373125 0.040094978690191851456 39.73583370428872996
0.050476587558435426217 68.99078171696567097 0.050476587558435426217 45.28939762759041798
0.063546258777947173257 80.08708660042141503 0.063546258777947173257 51.48525109127496080
0.080000000000012505552 92.68520492620584150 0.080000000000012505552 58.39567059244308211
0.100714032943542974863 106.95729023259129065 0.100714032943542974863 66.09609654988798866
0.126791455396883634421 123.09225257172174395 0.126791455396883634421 74.65278025418757579
0.159620985197506115583 141.29164144881681864 0.159620985197506115583 84.10615515098307071
0.200950914520774404082 161.76145832303046745 0.200950914520774404082 94.45655544764119327
0.252982212813464002465 184.70133819962148891 0.252982212813464002465 105.66061856969272981
0.318485736442809752589 210.29454832112713802 0.318485736442809752589 117.63578949116764250
0.400949786901833249431 238.69904705203407502 0.400949786901833249431 130.28885148534644145
0.504765875584169521062 270.05032741948849662 0.504765875584169521062 143.53264077077699312
0.635462587779443310865 304.45980730225517163 0.635462587779443310865 157.30703016159290542
0.800000000000011368684 342.02679032497536582 0.800000000000011368684 171.60699851665074789
1.007140329435344483500 382.84901439141140145 1.007140329435344483500 186.51754118969637375
1.267914553968907398485 427.04946444473961265 1.267914553968907398485 202.07765319137357096
1.596209851975117999245 474.72368556621870539 1.596209851975117999245 218.55439093961859953
2.009509145207687197399 526.08875699575776252 2.009509145207687197399 236.09274145821294155
2.529822128134725289783 581.27027196574431400 2.529822128134725289783 254.99854825706134420
3.184857364427983839050 640.57327362015951167 3.184857364427983839050 275.68783326627783481
4.009497869018204596614 704.24471557484378081 4.009497869018204596614 298.31551450453554253
5.009497869018190385759 770.24546883160098787 5.009497869018190385759 322.20213588512183378
6.009497869018190385759 827.57833140400225602 6.009497869018190385759 343.18839381275091682
7.009497869018204596614 878.49847093612117988 7.009497869018204596614 361.90536590298887631
8.009497869018190385759 924.41935304195544632 8.009497869018190385759 378.70378097904620063
9.009497869018204596614 966.29503616243334818 9.009497869018204596614 393.89308125117327108
10.009497869018190385759 1004.80723830955832909 10.009497869018190385759 407.67262407274097313
11.009497869018190385759 1040.46465561260583854 11.009497869018190385759 420.11327488308228340
12.009497869018204596614 1073.66029407911378257 12.009497869018204596614 431.48913624468639227
13.009497869018190385759 1104.70456193140330470 13.009497869018190385759 441.91778229594848426
14.009497869018204596614 1133.85143803799769557 14.009497869018204596614 451.48555803496520866
15.009497869018190385759 1161.30581589945859378 15.009497869018190385759 460.29494490836839304
16.009497869018190385759 1187.23770022782787237 16.009497869018190385759 468.43507861472124887
17.009497869018204596614 1211.79589067720644380 17.009497869018204596614 475.98899562778353811
18.009497869018190385759 1235.10919225935549548 18.009497869018190385759 483.04243711250154547
19.009497869018204596614 1257.28708890591633462 19.009497869018204596614 489.61741868908637798
20.009497869018190385759 1278.42837781780167461 20.009497869018190385759 495.74662346264574353
21.009497869018190385759 1298.61400261586072702 21.009497869018190385759 501.46037082360612658
22.009497869018204596614 1317.91322770367992234 22.009497869018204596614 506.80843362753148540
23.009497869018190385759 1336.38937682362279702 23.009497869018190385759 511.80915871493971281
24.009497869018204596614 1354.10098540611534190 24.009497869018204596614 516.51566513206580566
25.009497869018204596614 1371.10293593825167591 25.009497869018204596614 520.95269805106704553
26.009497869018190385759 1387.44353712324573280 26.009497869018190385759 525.14627200821576025
27.009497869018204596614 1403.16685503050234729 27.009497869018204596614 529.12478986565292871
28.009497869018190385759 1418.31116143080134862 28.009497869018190385759 532.89766049563820616
29.009497869018190385759 1432.91078449416750118 29.009497869018190385759 536.44907393032292475
30.009497869018190385759 1446.99758045639123338 30.009497869018190385759 539.85057971377602826
31.009497869018218807469 1460.60073088371041194 31.009497869018218807469 543.07779474010942522
32.009497869018190385759 1473.74711476155584933 32.009497869018190385759 546.14380364796352296
33.009497869018190385759 1486.46160823736317980 33.009497869018190385759 549.04407403236200480
34.009497869018218807469 1498.76812990236226142 34.009497869018218807469 551.83888258251704428
35.009497869018190385759 1510.68798901771629062 35.009497869018190385759 554.50264223534168195
36.009497869018190385759 1522.24088414684251802 36.009497869018190385759 557.07006091175583151
37.009497869018190385759 1533.44506289941978139 37.009497869018190385759 559.53882575039347103
38.009497869018218807469 1544.31790383154771007 38.009497869018218807469 561.91987241341382742
39.009497869018190385759 1554.87530664380915368 39.009497869018190385759 564.22982077130188827
40.009497869018190385759 1565.13216047134619657 40.009497869018190385759 566.46144619305630385
41.009497869018218807469 1575.10276370084898190 41.009497869018218807469 568.61286226690765488
42.009497869018190385759 1584.80020740517443301 42.009497869018190385759 570.67628854045744902
43.009497869018190385759 1594.23679532342043785 43.009497869018190385759 572.69469375736787242
44.009497869018218807469 1603.42442696653301937 44.009497869018218807469 574.59921841531331665
46.009497869018190385759 1621.09719310512832635 46.009497869018190385759 578.25670932026321225
48.009497869018218807469 1637.89470043149549383 48.009497869018218807469 581.64904977938942920
50.009497869018190385759 1653.87775592975253858 50.009497869018190385759 584.67041741579384961
52.009497869018190385759 1669.10679738544376960 52.009497869018190385759 587.41161390271042819
54.009497869018218807469 1683.63920784143260789 54.009497869018218807469 589.91154798357558775
56.009497869018190385759 1697.52044189612252012 56.009497869018190385759 592.19652255922039785
58.009497869018218807469 1710.79011722038148946 58.009497869018218807469 594.35708719543481493
60.009497869018190385759 1723.48732284499806156 60.009497869018190385759 596.53994161391392481
62.009497869018190385759 1735.64498349169548419 62.009497869018190385759 598.67194246359076715
64.009497869018218807469 1747.29745303138065537 64.009497869018218807469 600.75270821539447752
66.009497869018190385759 1758.49062138621138729 66.009497869018190385759 602.99120401239804323
68.009497869018190385759 1769.26413647363392556 68.009497869018190385759 605.27574939163730505
70.009497869018190385759 1779.64194470678876314 70.009497869018190385759 607.24134341029468942
72.009497869018190385759 1789.64892535957005748 72.009497869018190385759 608.85482964225536762
74.009497869018218807469 1799.30812082852730782 74.009497869018218807469 610.38004755971928716
76.009497869018190385759 1808.63805511445411867 76.009497869018190385759 611.82132948942751227
78.009497869018190385759 1817.66245371726631674 78.009497869018190385759 613.44793552827866279
80.009497869018218807469 1826.39603644042176711 80.009497869018218807469 614.65451264226612693
82.009497869018190385759 1834.83871116997420359 82.009497869018190385759 616.02642436823327898
84.009497869018218807469 1842.99458553163481156 84.009497869018218807469 617.22213575272758135
86.009497869018190385759 1850.87039510717931989 86.009497869018190385759 617.89768470407898349
88.009497869018190385759 1858.48511374552708730 88.009497869018190385759 618.71450960924232731
91.009497869018218807469 1869.43524773206172540 91.009497869018218807469 619.67613566420811821
94.009497869018218807469 1879.85639527880312016 94.009497869018218807469 621.06593635287026700
97.009497869018218807469 1889.81991469636568581 97.009497869018218807469 623.22930297039113157
99.504748934509137825444 1897.81010259105005389 99.504748934509137825444 623.67607165290417015
nan nan nan nan

