Time Pressure difference Time.1 Pressure.1 difference.1
(hr) (psi) (hr) (psi)
0.000200000000020850166 0.42864480233811014 0.000200000000020850166 0.34516502404199911
0.000399999999999067768 0.82234157293962751 0.000399999999999067768 0.79080701096689687
0.000600000000019917934 1.19583337563206737 0.000600000000019917934 1.11100897497864803
0.000799999999998135536 1.55420125568814749 0.000799999999998135536 1.41801092848697263
0.001007140329434719206 1.91246037663618162 0.001007140329434719206 1.72355783451059752
0.001267914553977789183 2.34792072651871786 0.001267914553977789183 2.09112547670259641
0.001596209851982166583 2.87544665869315264 0.001596209851982166583 2.52830557484184837
0.002009509145224797066 3.51222931914658743 0.002009509145224797066 3.04568854803620903
0.002529822128153114136 4.27800903456287340 0.002529822128153114136 3.65481264474894951
0.003184857364431081805 5.19528889973278218 0.003184857364431081805 4.36811818603877455
0.004009497869034817086 6.28953586307867329 0.004009497869034817086 5.19889138998495426
0.005047658755856332391 7.58936811520658239 0.005047658755856332391 6.16121132458573939
0.006354625877790454069 9.12673127938508344 0.006354625877790454069 7.26991835588249113
0.008000000000009777068 10.93707061112542078 0.008000000000009777068 8.54062604337379661
0.010071403294361402914 13.05951173708828073 0.010071403294361402914 9.98979958017773306
0.012679145539692626699 15.53706766918835314 0.012679145539692626699 11.63492019719149084
0.015962098519750611558 18.41689341248560297 0.015962098519750611558 13.49474212994507027
0.020095091452091651263 21.75060872518413646 0.020095091452091651263 15.58962682968822300
0.025298221281360611101 25.59470299167888641 0.025298221281360611101 17.94193166317772636
0.031848573644296607199 30.01103186195477690 0.031848573644296607199 20.57648744592102830
0.040094978690191851456 35.06743482835407377 0.040094978690191851456 23.52131478569983969
0.050476587558435426217 40.83855157419559134 0.050476587558435426217 26.80870334773689123
0.063546258777947173257 47.40692213020813028 0.063546258777947173257 30.47629016043445915
0.080000000000012505552 54.86427936230986546 0.080000000000012505552 34.56685872879120325
0.100714032943542974863 63.31252820586240659 0.100714032943542974863 39.12506541641096902
0.126791455396883634421 72.86349248305430137 0.126791455396883634421 44.19012715459657414
0.159620985197506115583 83.63647784108681549 0.159620985197506115583 49.78597820404267082
0.200950914520774404082 95.75342522633933129 0.200950914520774404082 55.91281639617603361
0.252982212813464002465 109.33250701279249029 0.252982212813464002465 62.54497359548960844
0.318485736442809752589 124.48220680579115083 0.318485736442809752589 69.63358200251968810
0.400949786901833249431 141.29602681902429140 0.400949786901833249431 77.12346270775157109
0.504765875584169521062 159.85417108612281822 0.504765875584169521062 84.96301979509837565
0.635462587779443310865 180.22259254565310016 0.635462587779443310865 93.11666144895943376
0.800000000000011368684 202.46007319856497020 0.800000000000011368684 101.58141544425711800
1.007140329435344483500 226.62446822962681381 1.007140329435344483500 110.40759411332233242
1.267914553968907398485 252.78857761036758234 1.267914553968907398485 119.61828024654654712
1.596209851975117999245 281.00895850149100852 1.596209851975117999245 129.37155579380313952
2.009509145207687197399 311.41410925472018789 2.009509145207687197399 139.75324468549175094
2.529822128134725289783 344.07837379790447585 2.529822128134725289783 150.94438858604976872
3.184857364427983839050 379.18232002515640033 3.184857364427983839050 163.19124841072024878
4.009497869018204596614 416.87213019048090246 4.009497869018204596614 176.58552666435832634
5.009497869018190385759 455.94075789308612912 5.009497869018190385759 190.72502465100703262
6.009497869018190385759 489.87849575877407915 6.009497869018190385759 203.14767526312633095
7.009497869018204596614 520.02027256859241788 7.009497869018204596614 214.22703994050891652
8.009497869018190385759 547.20277819528985219 8.009497869018190385759 224.17072985639822491
9.009497869018204596614 571.99076004243215721 9.009497869018204596614 233.16191689764698936
10.009497869018190385759 594.78775573489349426 10.009497869018190385759 241.31860908438076763
11.009497869018190385759 615.89488395250316444 11.009497869018190385759 248.68275465703115401
12.009497869018204596614 635.54478151583907675 12.009497869018204596614 255.41660647541866069
13.009497869018190385759 653.92119213501450758 13.009497869018190385759 261.58976162766373363
14.009497869018204596614 671.17445660720306932 14.009497869018204596614 267.25333135747428059
15.009497869018190385759 687.42586003139433615 15.009497869018190385759 272.46797875257755095
16.009497869018190385759 702.77603536213371171 16.009497869018190385759 277.28646698991246922
17.009497869018204596614 717.31306338640422382 17.009497869018204596614 281.75794885818174862
18.009497869018190385759 731.11318921963925277 18.009497869018190385759 285.93317816680104215
19.009497869018204596614 744.24122101558884879 19.009497869018204596614 289.82518688930423423
20.009497869018190385759 756.75564100165331638 20.009497869018190385759 293.45332153315706591
21.009497869018190385759 768.70436311868616031 21.009497869018190385759 296.83552942347756698
22.009497869018204596614 780.12838788657916211 22.009497869018204596614 300.00127321133834357
23.009497869018190385759 791.06519929745445552 23.009497869018190385759 302.96141316493844897
24.009497869018204596614 801.54944693977688530 24.009497869018204596614 305.74739268664643532
25.009497869018204596614 811.61361807088655951 25.009497869018204596614 308.37385948684027426
26.009497869018190385759 821.28630864836759429 26.009497869018190385759 310.85621266602026935
27.009497869018204596614 830.59360323603073084 27.009497869018204596614 313.21126507543300477
28.009497869018190385759 839.55815650810870920 28.009497869018190385759 315.44458622314118657
29.009497869018190385759 848.20028875532864276 29.009497869018190385759 317.54681752280481533
30.009497869018190385759 856.53885702635534471 30.009497869018190385759 319.56031216528270988
31.009497869018218807469 864.59113512021281167 31.009497869018218807469 321.47063676248217234
32.009497869018190385759 872.37303384129279493 32.009497869018190385759 323.28553666351558604
33.009497869018190385759 879.89927842976146621 33.009497869018190385759 325.00232894684239682
34.009497869018218807469 887.18402730790660371 34.009497869018218807469 326.65669392539490445
35.009497869018190385759 894.23989432556970769 35.009497869018190385759 328.23348553806903283
36.009497869018190385759 901.07853989270756756 36.009497869018190385759 329.75324886615300102
37.009497869018190385759 907.71076553860291369 37.009497869018190385759 331.21461482952003053
38.009497869018218807469 914.14685836309581646 38.009497869018218807469 332.62405670752701781
39.009497869018190385759 920.39623006911438097 39.009497869018190385759 333.99141250202063702
40.009497869018190385759 926.46769416330710101 40.009497869018190385759 335.31240564940213744
41.009497869018218807469 932.36971446341567571 41.009497869018218807469 336.58591950303525664
42.009497869018190385759 938.11004012723640244 42.009497869018190385759 337.80734848520887681
43.009497869018190385759 943.69595425652869380 43.009497869018190385759 339.00212760637583642
44.009497869018218807469 949.13450067337123528 44.009497869018218807469 340.12949602476709288
46.009497869018190385759 959.59575583599018955 46.009497869018190385759 342.29451905011450208
48.009497869018218807469 969.53890841657732835 48.009497869018218807469 344.30258835081627922
50.009497869018190385759 978.99995263197126860 50.009497869018190385759 346.09106320170440085
52.009497869018190385759 988.01466415481343120 52.009497869018190385759 347.71369294034411723
54.009497869018218807469 996.61701042679851525 54.009497869018218807469 349.19350929193063848
56.009497869018190385759 1004.83389794057666222 56.009497869018190385759 350.54608205210053029
58.009497869018218807469 1012.68877806537034303 58.009497869018218807469 351.82501132539687205
60.009497869018190385759 1020.20478924605777138 60.009497869018190385759 353.11713486030237164
62.009497869018190385759 1027.40142101316268963 62.009497869018190385759 354.37915602441893270
64.009497869018218807469 1034.29900887084818351 64.009497869018218807469 355.61084897460852972
66.009497869018190385759 1040.92471699824295683 66.009497869018190385759 356.93590898667775946
68.009497869018190385759 1047.30201466879361760 68.009497869018190385759 358.28822768740519678
70.009497869018190385759 1053.44507677374986088 70.009497869018190385759 359.45174563439962867
72.009497869018190385759 1059.36863040396019642 72.009497869018190385759 360.40683614154164616
74.009497869018218807469 1065.08631532515119034 74.009497869018218807469 361.30967691293301414
76.009497869018190385759 1070.60909667415512558 76.009497869018190385759 362.16283243537390035
78.009497869018190385759 1075.95101857437362014 78.009497869018190385759 363.12568910919799237
80.009497869018218807469 1081.12079429789423557 80.009497869018218807469 363.83991295869674332
82.009497869018190385759 1086.11836931858988464 82.009497869018190385759 364.65200533367533353
84.009497869018218807469 1090.94617511325077430 84.009497869018218807469 365.35979729991004206
86.009497869018190385759 1095.60819875662582490 86.009497869018190385759 365.75968319776586668
88.009497869018190385759 1100.11567166961458497 88.009497869018190385759 366.24319628728915177
91.009497869018218807469 1106.59751751081739712 91.009497869018218807469 366.81242328056947599
94.009497869018218807469 1112.76623398218407601 94.009497869018218807469 367.63510488656470443
97.009497869018218807469 1118.66406107543139115 97.009497869018218807469 368.91569277069640975
99.504748934509137825444 1123.39379006680974271 99.504748934509137825444 369.18015398462199528
nan nan nan nan

