Time Pressure difference Time.1 Pressure.1 difference.1
(hr) (psi) (hr) (psi)
0.000200000000020850166 0.22142907764761013 0.000200000000020850166 0.17830514330965402
0.000399999999999067768 0.42480472179778311 0.000399999999999067768 0.40851461648551740
0.000600000000019917934 0.61774289561447115 0.000600000000019917934 0.57392435705703282
0.000799999999998135536 0.80286836244972370 0.000799999999998135536 0.73251524403515500
0.001007140329434719206 0.98793764656947602 0.001007140329434719206 0.89035448344701029
0.001267914553977789183 1.21288749572345633 0.001267914553977789183 1.08023235794758921
0.001596209851982166583 1.48539652874899342 0.001596209851982166583 1.30607059363557965
0.002009509145224797066 1.81434533763942385 0.002009509145224797066 1.57333998292969968
0.002529822128153114136 2.20993136863980855 0.002529822128153114136 1.88800094737467550
0.003184857364431081805 2.68377925710454335 0.003184857364431081805 2.25647990064132209
0.004009497869034817086 3.24904470413837254 0.004009497869034817086 2.68564022938140745
0.005047658755856332391 3.92051127766343566 0.005047658755856332391 3.18275489018739766
0.006354625877790454069 4.71468142879229468 0.006354625877790454069 3.75549011054313686
0.008000000000009777068 5.64986544658485990 0.008000000000009777068 4.41191153374981493
0.010071403294361402914 6.74627482404560475 0.010071403294361402914 5.16052473949844437
0.012679145539692626699 8.02612919734686336 0.012679145539692626699 6.01036017167309122
0.015962098519750611558 9.51378787102223100 0.015962098519750611558 6.97110588213567350
0.020095091452091651263 11.23591654913526128 0.020095091452091651263 8.05328017729094903
0.025298221281360611101 13.22169648435768075 0.025298221281360611101 9.26843241239198434
0.031848573644296607199 15.50308103165552254 0.031848573644296607199 10.62938967537979984
0.040094978690191851456 18.11511467572915635 0.040094978690191851456 12.15062683519572850
0.050476587558435426217 21.09635473989859378 0.050476587558435426217 13.84882406794087117
0.063546258777947173257 24.48943970426109473 0.063546258777947173257 15.74342388741465726
0.080000000000012505552 28.34175687826129320 0.080000000000012505552 17.85652737124292599
0.100714032943542974863 32.70594825294113406 0.100714032943542974863 20.21120307723847631
0.126791455396883634421 37.63977971201408934 0.126791455396883634421 22.82770966450363659
0.159620985197506115583 43.20488209591919571 0.159620985197506115583 25.71841107922623237
0.200950914520774404082 49.46424758638121943 0.200950914520774404082 28.88340951704730486
0.252982212813464002465 56.47892159823136637 0.252982212813464002465 32.30944534775728272
0.318485736442809752589 64.30494452794796700 0.318485736442809752589 35.97127447250580445
0.400949786901833249431 72.99061769359718710 0.400949786901833249431 39.84039260295718066
0.504765875584169521062 82.57737284728160887 0.504765875584169521062 43.89014635139462683
0.635462587779443310865 93.09927991887140308 0.635462587779443310865 48.10214971883419111
0.800000000000011368684 104.58670447953792859 0.800000000000011368684 52.47486731500891466
1.007140329435344483500 117.06953332629936426 1.007140329435344483500 57.03428945470054146
1.267914553968907398485 130.58537342525099234 1.267914553968907398485 61.79234023207290250
1.596209851975117999245 145.16344104090984501 1.596209851975117999245 66.83068152699081566
2.009509145207687197399 160.87011577556225461 2.009509145207687197399 72.19364821449487124
2.529822128134725289783 177.74380217134330451 2.529822128134725289783 77.97476269017577977
3.184857364427983839050 195.87777788385039912 3.184857364427983839050 84.30123827150644900
4.009497869018204596614 215.34755765511752656 4.009497869018204596614 91.22044658403152084
5.009497869018190385759 235.52960617164657720 5.009497869018190385759 98.52462006404552142
6.009497869018190385759 253.06114266072793839 6.009497869018190385759 104.94190554604782051
7.009497869018204596614 268.63176383997097219 7.009497869018204596614 110.66527717694701494
8.009497869018190385759 282.67368646737480731 8.009497869018190385759 115.80198261342735577
9.009497869018204596614 295.47864742157054252 9.009497869018204596614 120.44664468011083613
10.009497869018190385759 307.25510592936910825 10.009497869018190385759 124.66022389001170723
11.009497869018190385759 318.15861369972236616 11.009497869018190385759 128.46438984028137043
12.009497869018204596614 328.30934612336534428 12.009497869018204596614 131.94295901697020668
13.009497869018190385759 337.80222141704064143 13.009497869018190385759 135.13188384256275754
14.009497869018204596614 346.71490254054469915 14.009497869018204596614 138.05756733300589190
15.009497869018190385759 355.11004287834680326 15.009497869018190385759 140.75134679016221639
16.009497869018190385759 363.03962734239365773 16.009497869018190385759 143.24047858466681760
17.009497869018204596614 370.54915665336062602 17.009497869018204596614 145.55035403494210300
18.009497869018190385759 377.67801746773687910 18.009497869018190385759 147.70719151374015610
19.009497869018204596614 384.45968834313140405 19.009497869018204596614 149.71772307021649340
20.009497869018190385759 390.92437999387323089 20.009497869018190385759 151.59194271171813284
21.009497869018190385759 397.09684377509790920 21.009497869018190385759 153.33912165680516182
22.009497869018204596614 402.99825971104263544 22.009497869018204596614 154.97447970428646613
23.009497869018190385759 408.64799126011610042 23.009497869018190385759 156.50362704506420641
24.009497869018204596614 414.06393768616749185 24.009497869018204596614 157.94280669327633859
25.009497869018204596614 419.26288123731660562 25.009497869018204596614 159.29958535445851453
26.009497869018190385759 424.25959399636440139 26.009497869018190385759 160.58191788680977652
27.009497869018204596614 429.06755071180646155 27.009497869018204596614 161.79848946305088475
28.009497869018190385759 433.69845432181529077 28.009497869018190385759 162.95217717635216559
29.009497869018190385759 438.16280187011739145 29.009497869018190385759 164.03814657373510499
30.009497869018190385759 442.47033451972288276 30.009497869018190385759 165.07827644140260759
31.009497869018218807469 446.62997555948163608 31.009497869018218807469 166.06511078829794315
32.009497869018190385759 450.64994418328564052 32.009497869018190385759 167.00265070226981834
33.009497869018190385759 454.53784714696229230 33.009497869018190385759 167.88951024130079759
34.009497869018218807469 458.30099839989588872 34.009497869018218807469 168.74412112027380317
35.009497869018190385759 461.94591399715289981 35.009497869018190385759 169.55865919593094304
36.009497869018190385759 465.47861746638994873 36.009497869018190385759 170.34373763417326586
37.009497869018190385759 468.90468865519449082 37.009497869018190385759 171.09864919640131120
38.009497869018218807469 472.22944166749800843 38.009497869018218807469 171.82673784542407702
39.009497869018190385759 475.45773839521433501 39.009497869018190385759 172.53308569039808162
40.009497869018190385759 478.59413171437853407 40.009497869018190385759 173.21548354663704572
41.009497869018218807469 481.64299385893730232 41.009497869018218807469 173.87335457748417866
42.009497869018190385759 484.60832788422686690 42.009497869018190385759 174.50431963633823784
43.009497869018190385759 487.49389609063263151 43.009497869018190385759 175.12151792580672804
44.009497869018218807469 490.30333717158441686 44.009497869018218807469 175.70389323443464491
46.009497869018190385759 495.70740615611367730 46.009497869018190385759 176.82229954421271145
48.009497869018218807469 500.84383401624239696 48.009497869018218807469 177.85962679204470760
50.009497869018190385759 505.73121462314747987 50.009497869018190385759 178.78351606929231821
52.009497869018190385759 510.38802895257379078 52.009497869018190385759 179.62173317686188057
54.009497869018218807469 514.83182388539671592 54.009497869018218807469 180.38617582968839770
56.009497869018190385759 519.07649876162429337 56.009497869018190385759 181.08488706356328635
58.009497869018218807469 523.13416807565386080 58.009497869018218807469 181.74555558868669891
60.009497869018190385759 527.01678467161104891 60.009497869018190385759 182.41303999764309651
62.009497869018190385759 530.73441643960927649 62.009497869018190385759 183.06497414175913718
64.009497869018218807469 534.29756828232302723 64.009497869018218807469 183.70124135512065777
66.009497869018190385759 537.72027265528788575 66.009497869018190385759 184.38574006990683074
68.009497869018190385759 541.01465330185499170 68.009497869018190385759 185.08432006190562902
70.009497869018190385759 544.18803267893542852 70.009497869018190385759 185.68536947256944813
72.009497869018190385759 547.24801849838092949 72.009497869018190385759 186.17874956002847853
74.009497869018218807469 550.20165678227704120 74.009497869018218807469 186.64513850999682631
76.009497869018190385759 553.05461189450250004 76.009497869018190385759 187.08586108354393218
78.009497869018190385759 555.81413873999053976 78.009497869018190385759 187.58325301277943709
80.009497869018218807469 558.48473841566612919 80.009497869018218807469 187.95220634515573011
82.009497869018190385759 561.06638275445482122 82.009497869018190385759 188.37171654235234541
84.009497869018218807469 563.56032780719408493 84.009497869018218807469 188.73734729628861828
86.009497869018190385759 565.96863321459204599 86.009497869018190385759 188.94392011612336546
88.009497869018190385759 568.29710089739262457 88.009497869018190385759 189.19369302100801633
91.009497869018218807469 571.64548897591964760 91.009497869018218807469 189.48774396343551985
94.009497869018218807469 574.83212087037793481 94.009497869018218807469 189.91272433930743091
97.009497869018218807469 577.87881689062419355 97.009497869018218807469 190.57424966863200666
99.504748934509137825444 580.32209748651951031 99.504748934509137825444 190.71086488559879513
nan nan nan nan

