Time Pressure difference Time.1 Pressure.1 difference.1
(hr) (psi) (hr) (psi)
0.000200000000020850166 0.80716883372220039 0.000200000000020850166 0.64997043794296172
0.000399999999999067768 1.54852802303989190 0.000399999999999067768 1.48914618644551777
0.000600000000019917934 2.25183981205410255 0.000600000000019917934 2.09210939616398095
0.000799999999998135536 2.92667217257855361 0.000799999999998135536 2.67021604160112247
0.001007140329434719206 3.60129973192048825 0.001007140329434719206 3.24558272851123020
0.001267914553977789183 4.42130272934327540 0.001267914553977789183 3.93773889941029998
0.001596209851982166583 5.41467180581136454 0.001596209851982166583 4.76098030585402210
0.002009509145224797066 6.61377911930046736 0.002009509145224797066 5.73524946480116871
0.002529822128153114136 8.05579711744038462 0.002529822128153114136 6.88227372370700952
0.003184857364431081805 9.78310073789122470 0.003184857364431081805 8.22547909727022386
0.004009497869034817086 11.84364606677467435 0.004009497869034817086 9.78988448480587259
0.005047658755856332391 14.29132320472583473 0.005047658755856332391 11.60200177875744032
0.006354625877790454069 17.18628804617191008 0.006354625877790454069 13.68977645025690748
0.008000000000009777068 20.59528654346305387 0.008000000000009777068 16.08260994904071239
0.010071403294361402914 24.59199505116623996 0.010071403294361402914 18.81150741188791287
0.012679145539692626699 29.25741014843670840 0.012679145539692626699 21.90938724741643640
0.015962098519750611558 34.68032808389522614 0.015962098519750611558 25.41156502305537757
0.020095091452091651263 40.95795255580048888 0.020095091452091651263 29.35638280843558690
0.025298221281360611101 48.19665711696600141 0.025298221281360611101 33.78594112490186063
0.031848573644296607199 56.51292038228482539 0.031848573644296607199 38.74699817477974051
0.040094978690191851456 66.03448896997217332 0.040094978690191851456 44.29231876748712438
0.050476587558435426217 76.90191474442764274 0.050476587558435426217 50.48270665306824156
0.063546258777947173257 89.27062648951932999 0.063546258777947173257 57.38903504905546527
0.080000000000012505552 103.31336375555383711 0.080000000000012505552 65.09186835665917670
0.100714032943542974863 119.22202082744421148 0.100714032943542974863 73.67529770385242216
0.126791455396883634421 137.20716996372701146 0.126791455396883634421 83.21317137837642974
0.159620985197506115583 157.49347223478650903 0.159620985197506115583 93.75055930569291718
0.200950914520774404082 180.31055116792342119 0.200950914520774404082 105.28783401653393526
0.252982212813464002465 205.88093379895826729 0.252982212813464002465 117.77666057510171527
0.318485736442809752589 234.40890251910761322 0.318485736442809752589 131.12501741835731650
0.400949786901833249431 266.07052868713299176 0.400949786901833249431 145.22899871145537531
0.504765875584169521062 301.01684223721906619 0.504765875584169521062 159.99144565254997019
0.635462587779443310865 339.37203727183191404 0.635462587779443310865 175.34533630615572974
0.800000000000011368684 381.24680450480212812 0.800000000000011368684 191.28507375977912375
1.007140329435344483500 426.75008938877368792 1.007140329435344483500 207.90539973520907324
1.267914553968907398485 476.01897947920878096 1.267914553968907398485 225.24978077840088986
1.596209851975117999245 529.15997595655983332 1.596209851975117999245 243.61589651224014119
2.009509145207687197399 586.41505041159359735 2.009509145207687197399 263.16535953864854491
2.529822128134725289783 647.92419777999816688 2.529822128134725289783 284.23908426587723852
3.184857364427983839050 714.02744032660336870 3.184857364427983839050 307.30079761809275851
4.009497869018204596614 785.00004969551287104 4.009497869018204596614 332.52318197354736640
5.009497869018190385759 858.56907114596845076 5.009497869018190385759 359.14886840913885635
6.009497869018190385759 922.47625990177527910 6.009497869018190385759 382.54160839251892412
7.009497869018204596614 979.23538237611023760 7.009497869018204596614 403.40484484434404067
8.009497869018190385759 1030.42198546722102037 8.009497869018190385759 422.12952445908143773
9.009497869018204596614 1077.09952894552225189 9.009497869018204596614 439.06057300621483819
10.009497869018190385759 1120.02790303307187969 10.009497869018190385759 454.42020803149534913
11.009497869018190385759 1159.77413575000150558 11.009497869018190385759 468.28742107318777244
12.009497869018204596614 1196.77629887537568720 12.009497869018204596614 480.96774587605023044
13.009497869018190385759 1231.38039496279338891 13.009497869018190385759 492.59223873690956452
14.009497869018204596614 1263.86952649070190091 14.009497869018204596614 503.25714578484252115
15.009497869018190385759 1294.47208197883855973 15.009497869018190385759 513.07669995467915669
16.009497869018190385759 1323.37756048122537322 16.009497869018190385759 522.15025808397126639
17.009497869018204596614 1350.75182442221671408 17.009497869018204596614 530.57037839088684450
18.009497869018190385759 1376.73844880975684646 18.009497869018190385759 538.43263393015411111
19.009497869018204596614 1401.45947203459058983 19.009497869018204596614 545.76156484041757722
20.009497869018190385759 1425.02502031550420725 20.009497869018190385759 552.59360197954003979
21.009497869018190385759 1447.52531903152248560 21.009497869018190385759 558.96254144490796989
22.009497869018204596614 1469.03757509532078984 22.009497869018204596614 564.92386351663890309
23.009497869018190385759 1489.63237354616626362 23.009497869018190385759 570.49801885683871205
24.009497869018204596614 1509.37496203842829345 24.009497869018204596614 575.74421764204441843
25.009497869018204596614 1528.32651640224548828 25.009497869018204596614 580.69004255898892097
26.009497869018190385759 1546.54088487188232648 26.009497869018190385759 585.36449121576936250
27.009497869018204596614 1564.06718654742962826 27.009497869018204596614 589.79922341429698918
28.009497869018190385759 1580.94808180148197607 28.009497869018190385759 594.00472693677022562
29.009497869018190385759 1597.22183519546183561 29.009497869018190385759 597.96337889547362465
30.009497869018190385759 1612.92395590128694494 30.009497869018190385759 601.75493337930208781
31.009497869018218807469 1628.08697171851599705 31.009497869018218807469 605.35221128572118232
32.009497869018190385759 1642.74084383028775846 32.009497869018190385759 608.76979766131466931
33.009497869018190385759 1656.91330091747386177 33.009497869018190385759 612.00264037284989627
34.009497869018218807469 1670.63100430232339022 34.009497869018218807469 615.11792800261969205
35.009497869018190385759 1683.91770676664873463 35.009497869018190385759 618.08713943381587796
36.009497869018190385759 1696.79536569673882695 36.009497869018190385759 620.94896252457078845
37.009497869018190385759 1709.28432114511770123 37.009497869018190385759 623.70081919904384904
38.009497869018218807469 1721.40394445685933533 38.009497869018218807469 626.35489910544788472
39.009497869018190385759 1733.17195854201463590 39.009497869018190385759 628.92972790520104809
40.009497869018190385759 1744.60495986423802606 40.009497869018190385759 631.41725252304524929
41.009497869018218807469 1755.71888639795042764 41.009497869018218807469 633.81537023346436399
42.009497869018190385759 1766.52833036175957204 42.009497869018190385759 636.11540840408440545
43.009497869018190385759 1777.04700635740755388 43.009497869018190385759 638.36526297954537768
44.009497869018218807469 1787.28817840587703358 44.009497869018218807469 640.48817837822628007
46.009497869018190385759 1806.98747041367096244 46.009497869018190385759 644.56507164934305365
48.009497869018218807469 1825.71113818758635716 48.009497869018218807469 648.34640982640621587
50.009497869018190385759 1843.52696141343290037 50.009497869018190385759 651.71423594177838368
52.009497869018190385759 1860.50230824265895535 52.009497869018190385759 654.76976384403371867
54.009497869018218807469 1876.70114179845631952 54.009497869018218807469 657.55636391970881505
56.009497869018190385759 1892.17412893173172961 56.009497869018190385759 660.10335520805665510
58.009497869018218807469 1906.96543024875154515 58.009497869018218807469 662.51167054119230215
60.009497869018190385759 1921.11861709685217647 60.009497869018190385759 664.94483161303014640
62.009497869018190385759 1934.67038965654887761 62.009497869018190385759 667.32130776675046491
64.009497869018218807469 1947.65904113725173374 64.009497869018218807469 669.64067372356475971
66.009497869018190385759 1960.13572363194452919 66.009497869018190385759 672.13585653861298397
68.009497869018190385759 1972.14463146182970377 68.009497869018190385759 674.68236941485190528
70.009497869018190385759 1983.71245696138953463 70.009497869018190385759 676.87335696250818273
72.009497869018190385759 1994.86693229646266445 72.009497869018190385759 678.67186072726599377
74.009497869018218807469 2005.63374212188136880 74.009497869018218807469 680.37197450096812190
76.009497869018190385759 2016.03353457489242828 76.009497869018190385759 681.97852739575637315
78.009497869018190385759 2026.09275574476282600 78.009497869018190385759 683.79165540807093748
80.009497869018218807469 2035.82781334629680714 80.009497869018218807469 685.13659002169936230
82.009497869018190385759 2045.23860470289446312 82.009497869018190385759 686.66581807161549023
84.009497869018218807469 2054.32970845933277815 84.009497869018218807469 687.99864098883585939
86.009497869018190385759 2063.10863256265156451 86.009497869018190385759 688.75165474762525264
88.009497869018190385759 2071.59652658204913678 88.009497869018190385759 689.66214449212043291
91.009497869018218807469 2083.80230609803129482 91.009497869018218807469 690.73403965049635644
94.009497869018218807469 2095.41844060519497361 94.009497869018218807469 692.28320798011054649
97.009497869018218807469 2106.52447103035001419 97.009497869018218807469 694.69464659612810919
99.504748934509137825444 2115.43088914849477078 99.504748934509137825444 695.19264598500376451
nan nan nan nan

