Time Pressure difference Time.1 Pressure.1 difference.1
(hr) (psi) (hr) (psi)
0.000200000000020850166 0.34560889822025637 0.000200000000020850166 0.27830059530087892
0.000399999999999067768 0.66303980226545878 0.000399999999999067768 0.63761402978482784
0.000600000000019917934 0.96417978977664065 0.000600000000019917934 0.89578734108226066
0.000799999999998135536 1.25312561976950132 0.000799999999998135536 1.14331771197378940
0.001007140329434719206 1.54198375917262798 0.001007140329434719206 1.38967490321796894
0.001267914553977789183 1.89308791562242185 0.001267914553977789183 1.68603834247225048
0.001596209851982166583 2.31842296041227991 0.001596209851982166583 2.03852910222850614
0.002009509145224797066 2.83184981753180320 0.002009509145224797066 2.45568605443757182
0.002529822128153114136 3.44928477132294464 0.002529822128153114136 2.94681228948344609
0.003184857364431081805 4.18887167831857887 0.003184857364431081805 3.52193822329827944
0.004009497869034817086 5.07114409902678354 0.004009497869034817086 4.19177630396692624
0.005047658755856332391 6.11917638608279457 0.005047658755856332391 4.96767824076546560
0.006354625877790454069 7.35872574358797316 0.006354625877790454069 5.86160956442881531
0.008000000000009777068 8.81837106865609854 0.008000000000009777068 6.88615921821761656
0.010071403294361402914 10.52965867807118094 0.010071403294361402914 8.05460280286581565
0.012679145539692626699 12.52726922018328004 0.012679145539692626699 9.38103513281408219
0.015962098519750611558 14.84922296085226634 0.015962098519750611558 10.88057742414419415
0.020095091452091651263 17.53714001925841259 0.020095091452091651263 12.56964676320411556
0.025298221281360611101 20.63656681004475502 0.025298221281360611101 14.46626950853073268
0.031848573644296607199 24.19737647508395639 0.031848573644296607199 16.59046631765360402
0.040094978690191851456 28.27426682495564236 0.040094978690191851456 18.96482972250144172
0.050476587558435426217 32.92741854673361956 0.050476587558435426217 21.61539432225906410
0.063546258777947173257 38.22338224111022242 0.063546258777947173257 24.57250620265395824
0.080000000000012505552 44.23612053296188407 0.080000000000012505552 27.87066096457510866
0.100714032943542974863 51.04779761100947866 0.100714032943542974863 31.54586426244654618
0.126791455396883634421 58.74857509104901965 0.126791455396883634421 35.62973603040770598
0.159620985197506115583 67.43464705511711088 0.159620985197506115583 40.14157404933283857
0.200950914520774404082 77.20433238144636334 0.200950914520774404082 45.08153782728329872
0.252982212813464002465 88.15291141345571191 0.252982212813464002465 50.42893159008062298
0.318485736442809752589 100.36785260781067564 0.318485736442809752589 56.14435407533001410
0.400949786901833249431 113.92454518392534624 0.400949786901833249431 62.18331548164262301
0.504765875584169521062 128.88765626839222023 0.504765875584169521062 68.50421491332538437
0.635462587779443310865 145.31036257607632933 0.635462587779443310865 75.07835530439660943
0.800000000000011368684 163.24005901873823632 0.800000000000011368684 81.90334020112877056
1.007140329435344483500 182.72339323226455576 1.007140329435344483500 89.01973556780961871
1.267914553968907398485 203.81906257589847087 1.267914553968907398485 96.44615265951919980
1.596209851975117999245 226.57266811114982374 1.596209851975117999245 104.31005022118159786
2.009509145207687197399 251.08781583888438149 2.009509145207687197399 112.68062660505619021
2.529822128134725289783 277.42444798365067982 2.529822128134725289783 121.70385257723384598
3.184857364427983839050 305.72815331871248645 3.184857364427983839050 131.57828405890532508
4.009497869018204596614 336.11679606981181223 4.009497869018204596614 142.37785919534650247
5.009497869018190385759 367.61715557871866622 5.009497869018190385759 153.77829212698995320
6.009497869018190385759 394.98056726100105607 6.009497869018190385759 163.79446068335840891
7.009497869018204596614 419.28336112860330331 7.009497869018204596614 172.72756099915378059
8.009497869018190385759 441.20014577002416445 8.009497869018190385759 180.74498637636295939
9.009497869018204596614 461.18626725934313981 9.009497869018204596614 187.99442514260545067
10.009497869018190385759 479.56709101138017104 10.009497869018190385759 194.57102512562636321
11.009497869018190385759 496.58540381510727002 11.009497869018190385759 200.50860846692560813
12.009497869018204596614 512.42877671957705843 12.009497869018204596614 205.93799684405485095
13.009497869018190385759 527.24535910362430968 13.009497869018190385759 210.91530518670268179
14.009497869018204596614 541.15636815449886399 14.009497869018204596614 215.48174360759705337
15.009497869018190385759 554.25959395201425650 15.009497869018190385759 219.68622370626670204
16.009497869018190385759 566.63617510873598349 16.009497869018190385759 223.57128752066239485
17.009497869018204596614 578.35712964139395353 17.009497869018204596614 227.17656609507852750
18.009497869018190385759 589.48393266923790179 18.009497869018190385759 230.54298134914844809
19.009497869018204596614 600.06883788691459358 19.009497869018204596614 233.68104073797306341
20.009497869018190385759 610.15899850395089743 20.009497869018190385759 236.60634301626274123
21.009497869018190385759 619.79304670302451541 21.009497869018190385759 239.33335880217563840
22.009497869018204596614 629.00404049493818093 22.009497869018204596614 241.88584332223089746
23.009497869018190385759 637.82220257491087523 23.009497869018190385759 244.27255302303939288
24.009497869018204596614 646.27547030746416112 24.009497869018204596614 246.51884017666776572
25.009497869018204596614 654.39003760689286082 25.009497869018204596614 248.63651497891831355
26.009497869018190385759 662.18896089973088692 26.009497869018190385759 250.63799345846658184
27.009497869018204596614 669.69327171910322249 27.009497869018204596614 252.53683152678891588
28.009497869018190385759 676.92123613742796806 28.009497869018190385759 254.33751978200911026
29.009497869018190385759 683.88923805403453571 29.009497869018190385759 256.03251255765411543
30.009497869018190385759 690.61248158145940579 30.009497869018190385759 257.65595849975682086
31.009497869018218807469 697.10489428540722656 31.009497869018218807469 259.19622021687041524
32.009497869018190385759 703.37930477256065842 32.009497869018190385759 260.65954265016438285
33.009497869018190385759 709.44758574965067055 33.009497869018190385759 262.04376260635461904
34.009497869018218807469 715.32115290794558859 34.009497869018218807469 263.37764850529225669
35.009497869018190385759 721.01017657663737737 35.009497869018190385759 264.64898833959495050
36.009497869018190385759 726.52405834281125863 36.009497869018190385759 265.87434725333804408
37.009497869018190385759 731.87150729290488016 37.009497869018190385759 267.05262138086953883
38.009497869018218807469 737.06081773778407751 38.009497869018218807469 268.18903001549301734
39.009497869018190385759 742.09957817090889876 39.009497869018190385759 269.29150536812136352
40.009497869018190385759 746.99489477041515784 40.009497869018190385759 270.35659931941324885
41.009497869018218807469 751.75359176631422997 41.009497869018218807469 271.38341153647866122
42.009497869018190385759 756.38191717065137709 42.009497869018190385759 272.36822862158197722
43.009497869018190385759 760.88574322254146409 43.009497869018190385759 273.33155838419827433
44.009497869018218807469 765.27074923402710738 44.009497869018218807469 274.24053606185407261
46.009497869018190385759 773.70547852744755346 46.009497869018190385759 275.98615672103471752
48.009497869018218807469 781.72247066048646502 48.009497869018218807469 277.60522830379949255
50.009497869018190385759 789.35074714829102049 50.009497869018190385759 279.04724467571975310
52.009497869018190385759 796.61915329759824544 52.009497869018190385759 280.35554299902094044
54.009497869018218807469 803.55507646977468994 54.009497869018218807469 281.54869335579741119
56.009497869018190385759 810.18021090496768011 56.009497869018190385759 282.63924940326427304
58.009497869018218807469 816.51346503700017365 58.009497869018218807469 283.67042797963938483
60.009497869018190385759 822.57349499420365646 60.009497869018190385759 284.71224486118620689
62.009497869018190385759 828.37601484830918253 62.009497869018190385759 285.72979072125923494
64.009497869018218807469 833.93742076497710514 64.009497869018218807469 286.72288346643836121
66.009497869018190385759 839.27961475251004231 66.009497869018190385759 287.79125646046264819
68.009497869018190385759 844.42151968059806677 68.009497869018190385759 288.88160766419053971
70.009497869018190385759 849.37456451914908939 70.009497869018190385759 289.81973208218607851
72.009497869018190385759 854.15062346706747576 72.009497869018190385759 290.58980505653090631
74.009497869018218807469 858.76069403179712936 74.009497869018218807469 291.31774997168423624
76.009497869018190385759 863.21361721371670228 76.009497869018190385759 292.00563452904492578
78.009497869018190385759 867.52071654687711089 78.009497869018190385759 292.78196922940571767
80.009497869018218807469 871.68901739201953660 80.009497869018218807469 293.35783557926333742
82.009497869018190385759 875.71847578566939774 82.009497869018190385759 294.01261163029317913
84.009497869018218807469 879.61105218555303509 84.009497869018218807469 294.58329206380182086
86.009497869018190385759 883.36996130115380765 86.009497869018190385759 294.90571315421959753
88.009497869018190385759 887.00425883309253550 88.009497869018190385759 295.29556140441115986
91.009497869018218807469 892.23045914484748664 91.009497869018218807469 295.75451929428112408
94.009497869018218807469 897.20418865579256362 94.009497869018218807469 296.41783325932448179
97.009497869018218807469 901.95950474144717646 97.009497869018218807469 297.45034914495937528
99.504748934509137825444 905.77300350936479845 99.504748934509137825444 297.66357965252245776
nan nan nan nan

