Time Pressure difference Time.1 Pressure.1 difference.1
(hr) (psi) (hr) (psi)
0.000200000000020850166 0.22741364731376176 0.000200000000020850166 0.18312420123694195
0.000399999999999067768 0.43628593049502051 0.000399999999999067768 0.41955555206620704
0.000600000000019917934 0.63443864954999729 0.000600000000019917934 0.58943582616668233
0.000799999999998135536 0.82456750738079732 0.000799999999998135536 0.75231295333340242
0.001007140329434719206 1.01463866404432679 0.001007140329434719206 0.91441811813476725
0.001267914553977789183 1.24566823885111755 0.001267914553977789183 1.10942782708130760
0.001596209851982166583 1.52554238087734451 0.001596209851982166583 1.34136979886897367
0.002009509145224797066 1.86338169811616505 0.002009509145224797066 1.61586268517104292
0.002529822128153114136 2.26965924346791148 0.002529822128153114136 1.93902800000642328
0.003184857364431081805 2.75631383162088239 0.003184857364431081805 2.31746584390189803
0.004009497869034817086 3.33685672316913884 0.004009497869034817086 2.75822510044576941
0.005047658755856332391 4.02647104192460947 0.005047658755856332391 3.26877529262489519
0.006354625877790454069 4.84210525119208590 0.006354625877790454069 3.85698984326051875
0.008000000000009777068 5.80256451270877527 0.008000000000009777068 4.53115238601332404
0.010071403294361402914 6.92860657604683716 0.010071403294361402914 5.29999838110651034
0.012679145539692626699 8.24305160808596860 0.012679145539692626699 6.17280233847506654
0.015962098519750611558 9.77091727294175172 0.015962098519750611558 7.15951414922042240
0.020095091452091651263 11.53958996938215975 0.020095091452091651263 8.27093639829881333
0.025298221281360611101 13.57903963258356228 0.025298221281360611101 9.51893058569987716
0.031848573644296607199 15.92208322170026413 0.031848573644296607199 10.91667047741709062
0.040094978690191851456 18.60471236966778363 0.040094978690191851456 12.47902215506588242
0.050476587558435426217 21.66652648962558203 0.050476587558435426217 14.22311661031765162
0.063546258777947173257 25.15131645302490782 0.063546258777947173257 16.16892183031775687
0.080000000000012505552 29.10775030740349223 0.080000000000012505552 18.33913621911435854
0.100714032943542974863 33.58989280031792646 0.100714032943542974863 20.75745180905573761
0.126791455396883634421 38.65707105558203693 0.126791455396883634421 23.44467479057130532
0.159620985197506115583 44.37258161202511531 0.159620985197506115583 26.41350327055667080
0.200950914520774404082 50.80111914276990603 0.200950914520774404082 29.66404220669723557
0.252982212813464002465 58.00537893872410677 0.252982212813464002465 33.18267360039936875
0.318485736442809752589 66.04291600167627507 0.318485736442809752589 36.94347107987083234
0.400949786901833249431 74.96333709072145268 0.400949786901833249431 40.91715997060466492
0.504765875584169521062 84.80919373504596592 0.504765875584169521062 45.07636652305393454
0.635462587779443310865 95.61547667343550927 0.635462587779443310865 49.40220781934322503
0.800000000000011368684 107.41337216817409228 0.800000000000011368684 53.89310697217131718
1.007140329435344483500 120.23357476755069229 1.007140329435344483500 58.57575673726001497
1.267914553968907398485 134.11470784214964169 1.267914553968907398485 63.46240348158839595
1.596209851975117999245 149.08677728525876205 1.596209851975117999245 68.63691616285542807
2.009509145207687197399 165.21795674246936869 2.009509145207687197399 74.14482789596770829
2.529822128134725289783 182.54768871651475592 2.529822128134725289783 80.08218870882917884
3.184857364427983839050 201.17177188071124760 3.184857364427983839050 86.57965011668228783
4.009497869018204596614 221.16776191606666657 4.009497869018204596614 93.68586405927563021
5.009497869018190385759 241.89527120331268861 5.009497869018190385759 101.18744763334403558
6.009497869018190385759 259.90063300290978532 6.009497869018190385759 107.77817326350856320
7.009497869018204596614 275.89208178159174167 7.009497869018204596614 113.65623061416179951
8.009497869018190385759 290.31351583135790406 8.009497869018190385759 118.93176592730375773
9.009497869018204596614 303.46455681134267479 9.009497869018204596614 123.70195940119492661
10.009497869018190385759 315.55929798151419163 10.009497869018190385759 128.02941913028226395
11.009497869018190385759 326.75749515106622312 11.009497869018190385759 131.93640037650519048
12.009497869018204596614 337.18257169426709652 12.009497869018204596614 135.50898493634778674
13.009497869018190385759 346.93201118506880221 13.009497869018190385759 138.78409691938878723
14.009497869018204596614 356.08557558218109307 14.009497869018204596614 141.78885293660064804
15.009497869018190385759 364.70761160478861029 15.009497869018190385759 144.55543724395039362
16.009497869018190385759 372.85150916245834196 16.009497869018190385759 147.11184287073891142
17.009497869018204596614 380.56399872507313376 17.009497869018204596614 149.48414738723781170
18.009497869018190385759 387.88553145335134786 18.009497869018190385759 151.69927777086826381
19.009497869018204596614 394.85049073078363335 19.009497869018204596614 153.76414801806018318
20.009497869018190385759 401.48990377749146319 20.009497869018190385759 155.68902224446728155
21.009497869018190385759 407.82919090415458641 21.009497869018190385759 157.48342224212424867
22.009497869018204596614 413.89010456809785410 22.009497869018204596614 159.16297915575367483
23.009497869018190385759 419.69253156444358410 23.009497869018190385759 160.73345480303891009
24.009497869018204596614 425.25485492092877848 24.009497869018204596614 162.21153119850001190
25.009497869018204596614 430.59431045994682563 25.009497869018204596614 163.60497955322765051
26.009497869018190385759 435.72606950977967699 26.009497869018190385759 164.92196972158839685
27.009497869018204596614 440.66397100131473508 27.009497869018204596614 166.17142161070091788
28.009497869018190385759 445.42003416835086682 28.009497869018190385759 167.35629007301034221
29.009497869018190385759 450.00503975849892413 29.009497869018190385759 168.47160999464688302
30.009497869018190385759 454.42899220944514127 30.009497869018190385759 169.53985148035943098
31.009497869018218807469 458.70105598000822056 31.009497869018218807469 170.55335702581950841
32.009497869018190385759 462.82967240445549351 32.009497869018190385759 171.51623585638523650
33.009497869018190385759 466.82265382660989417 33.009497869018190385759 172.42706457214677584
34.009497869018218807469 470.68751187016334825 34.009497869018218807469 173.30477304244337233
35.009497869018190385759 474.43093869977872146 35.009497869018190385759 174.14132566068582264
36.009497869018190385759 478.05912064115716475 36.009497869018190385759 174.94762243509688915
37.009497869018190385759 481.57778834857811034 37.009497869018190385759 175.72293701252024789
38.009497869018218807469 484.99239955040337691 38.009497869018218807469 176.47070373313826508
39.009497869018190385759 488.30794754103095556 39.009497869018190385759 177.19614206040881754
40.009497869018190385759 491.52910824719958782 40.009497869018190385759 177.89698310195157660
41.009497869018218807469 494.66037207134098708 41.009497869018218807469 178.57263443092969624
42.009497869018190385759 497.70585025947627855 42.009497869018190385759 179.22065259948251992
43.009497869018190385759 500.66940679578488016 43.009497869018190385759 179.85453192380145993
44.009497869018218807469 503.55477871676242785 44.009497869018218807469 180.45264710563557742
46.009497869018190385759 509.10490361979236695 46.009497869018190385759 181.60128061297524482
48.009497869018218807469 514.38015385451922157 48.009497869018218807469 182.66664373237023256
50.009497869018190385759 519.39962582917848977 50.009497869018190385759 183.61550299008399634
52.009497869018190385759 524.18230000534606461 52.009497869018190385759 184.47637461407435922
54.009497869018218807469 528.74619750392105288 54.009497869018218807469 185.26147787913944853
56.009497869018190385759 533.10559332274931421 56.009497869018190385759 185.97907320041633739
58.009497869018218807469 537.27292937499578329 58.009497869018218807469 186.65759763162418494
60.009497869018190385759 541.26048155462751765 60.009497869018190385759 187.34312215974156857
62.009497869018190385759 545.07858985689597375 62.009497869018190385759 188.01267614559048980
64.009497869018218807469 548.73804310076411639 64.009497869018218807469 188.66613977012389114
66.009497869018190385759 552.25325299732253370 66.009497869018190385759 189.36913845017457447
68.009497869018190385759 555.63667095866185264 68.009497869018190385759 190.08659898249766229
70.009497869018190385759 558.89581734593366491 70.009497869018190385759 190.70389297182805421
72.009497869018190385759 562.03850548482353133 72.009497869018190385759 191.21060765624545752
74.009497869018218807469 565.07197183044661415 74.009497869018218807469 191.68960171296970429
76.009497869018190385759 568.00203383759719600 76.009497869018190385759 192.14223570742350944
78.009497869018190385759 570.83614248972003224 78.009497869018190385759 192.65307066177345519
80.009497869018218807469 573.57892053500847851 80.009497869018218807469 193.03199570583561240
82.009497869018190385759 576.23033904511578385 82.009497869018190385759 193.46284401646997253
84.009497869018218807469 578.79168801819935197 84.009497869018218807469 193.83835668267479946
86.009497869018190385759 581.26508276093238692 86.009497869018190385759 194.05051255169425417
88.009497869018190385759 583.65648200272755730 88.009497869018190385759 194.30703607562983848
91.009497869018218807469 587.09536705634991449 91.009497869018218807469 194.60903434082567287
94.009497869018218807469 590.36812413714483228 94.009497869018218807469 195.04550067280223402
97.009497869018218807469 593.49716329307352680 97.009497869018218807469 195.72490506508151498
99.504748934509137825444 596.00647849966856029 99.504748934509137825444 195.86521258520957645
nan nan nan nan

