Time Pressure difference Time.1 Pressure.1 difference.1
(hr) (psi) (hr) (psi)
0.000200000000020850166 0.10921839640726716 0.000200000000020850166 0.08794780717300502
0.000399999999999067768 0.20953205872458222 0.000399999999999067768 0.20149707434758629
0.000600000000019917934 0.30469750932335399 0.000600000000019917934 0.28308431125110400
0.000799999999998135536 0.39600939499209342 0.000799999999998135536 0.36130819469301567
0.001007140329434719206 0.48729356891602532 0.001007140329434719206 0.43916133305156585
0.001267914553977789183 0.59824856207981292 0.001267914553977789183 0.53281731169036484
0.001596209851982166583 0.73266180134240888 0.001596209851982166583 0.64421049550944143
0.002009509145224797066 0.89491357870052657 0.002009509145224797066 0.77603931590451403
0.002529822128153114136 1.09003371561287876 0.002529822128153114136 0.93124371052940069
0.003184857364431081805 1.32375598492318702 0.003184857364431081805 1.11299346450551684
0.004009497869034817086 1.60256934731149436 0.004009497869034817086 1.32467389692461301
0.005047658755856332391 1.93376569776642437 0.005047658755856332391 1.56987234448432456
0.006354625877790454069 2.32548475879619954 0.006354625877790454069 1.85237012209222285
0.008000000000009777068 2.78675795676145155 0.008000000000009777068 2.17614555380903019
0.010071403294361402914 3.32755447402249382 0.010071403294361402914 2.54539395934720547
0.012679145539692626699 3.95883399598865582 0.012679145539692626699 2.96456954413605178
0.015962098519750611558 4.69261158503123532 0.015962098519750611558 3.43845087429664975
0.020095091452091651263 5.54203991950590513 0.020095091452091651263 3.97222603339350844
0.025298221281360611101 6.52151245512236866 0.025298221281360611101 4.57159166286901986
0.031848573644296607199 7.64678996831657454 0.031848573644296607199 5.24287463718057634
0.040094978690191851456 8.93515791437992313 0.040094978690191851456 5.99321458763032489
0.050476587558435426217 10.40563443251754983 0.050476587558435426217 6.83083889837624003
0.063546258777947173257 12.07925066493959321 0.063546258777947173257 7.76533745798155373
0.080000000000012505552 13.97938008184509862 0.080000000000012505552 8.80761147365360486
0.100714032943542974863 16.13198798962637071 0.100714032943542974863 9.96903935566492549
0.126791455396883634421 18.56556702011505777 0.126791455396883634421 11.25961355073490289
0.159620985197506115583 21.31051616893311618 0.159620985197506115583 12.68543249178050658
0.200950914520774404082 24.39790590409344162 0.200950914520774404082 14.24654658611117064
0.252982212813464002465 27.85784646399249809 0.252982212813464002465 15.93641561071811985
0.318485736442809752589 31.71797939554189938 0.318485736442809752589 17.74258808441165058
0.400949786901833249431 36.00212899751753781 0.400949786901833249431 19.65100445956671393
0.504765875584169521062 40.73073120169971162 0.504765875584169521062 21.64851813278248116
0.635462587779443310865 45.92059077079468210 0.635462587779443310865 23.72606033428983707
0.800000000000011368684 51.58668531760992693 0.800000000000011368684 25.88287374321385315
1.007140329435344483500 57.74375630283684302 1.007140329435344483500 28.13177790671040057
1.267914553968907398485 64.41035310840081252 1.267914553968907398485 30.47865430365758144
1.596209851975117999245 71.60088645936768614 1.596209851975117999245 32.96378210452925117
2.009509145207687197399 79.34809764605437010 2.009509145207687197399 35.60902918687922636
2.529822128134725289783 87.67092944937878940 2.529822128134725289783 38.46052484042454722
3.184857364427983839050 96.61539044270999455 3.184857364427983839050 41.58101617445926479
4.009497869018204596614 106.21872776232147828 4.009497869018204596614 44.99386892320473663
5.009497869018190385759 116.17338682790676785 5.009497869018190385759 48.59660313969812506
6.009497869018190385759 124.82069874481851457 6.009497869018190385759 51.76188584365871748
7.009497869018204596614 132.50080243458026530 7.009497869018204596614 54.58490022916981133
8.009497869018190385759 139.42688589269164368 8.009497869018190385759 57.11854547824457029
9.009497869018204596614 145.74284636334220977 9.009497869018204596614 59.40949365978440255
10.009497869018190385759 151.55150495164826907 10.009497869018190385759 61.48781313493820022
11.009497869018190385759 156.92958648702523305 11.009497869018190385759 63.36419228608472309
12.009497869018204596614 161.93636666895721987 12.009497869018204596614 65.07997302864072253
13.009497869018190385759 166.61866326651329473 13.009497869018190385759 66.65288865207487845
14.009497869018204596614 171.01478300986326531 14.009497869018204596614 68.09596226560425691
15.009497869018190385759 175.15562925756296409 15.009497869018190385759 69.42465078163407100
16.009497869018190385759 179.06684321618064359 16.009497869018190385759 70.65239822081538534
17.009497869018204596614 182.77086780875222871 17.009497869018204596614 71.79172867939711011
18.009497869018190385759 186.28713023746479394 18.009497869018190385759 72.85557419258803691
19.009497869018204596614 189.63214357465267312 19.009497869018204596614 73.84725529814733136
20.009497869018190385759 192.82080905103205737 20.009497869018190385759 74.77170147267177924
21.009497869018190385759 195.86533510528477109 21.009497869018190385759 75.63348568207283051
22.009497869018204596614 198.77616864125752727 22.009497869018204596614 76.44011498927642378
23.009497869018190385759 201.56286055397617929 23.009497869018190385759 77.19435658303842729
24.009497869018204596614 204.23423953439345269 24.009497869018204596614 77.90422222033222965
25.009497869018204596614 206.79858331300079044 25.009497869018204596614 78.57344412753695906
26.009497869018190385759 209.26317811982841022 26.009497869018190385759 79.20594598471022607
27.009497869018204596614 211.63467028352616239 27.009497869018204596614 79.80601169461294830
28.009497869018190385759 213.91883219927376558 28.009497869018190385759 80.37506036401154574
29.009497869018190385759 216.12084146296331255 29.009497869018190385759 80.91070743163962220
30.009497869018190385759 218.24550283743087675 30.009497869018190385759 81.42374446096209795
31.009497869018218807469 220.29721767460921455 31.009497869018218807469 81.91049383476858736
32.009497869018190385759 222.28004003635032859 32.009497869018190385759 82.37292906260606173
33.009497869018190385759 224.19772190356923147 33.009497869018190385759 82.81036653793890423
34.009497869018218807469 226.05387083238107948 34.009497869018218807469 83.23189757959451640
35.009497869018190385759 227.85170082292003713 35.009497869018190385759 83.63366298177675162
36.009497869018190385759 229.59418293950312773 36.009497869018190385759 84.02089761685573421
37.009497869018190385759 231.28406940425134053 37.009497869018190385759 84.39325264417091432
38.009497869018218807469 232.92398136302267631 38.009497869018218807469 84.75237745078349860
39.009497869018190385759 234.51631691115301237 39.009497869018190385759 85.10077875269635683
40.009497869018190385759 236.06332172398398939 40.009497869018190385759 85.43736688448989014
41.009497869018218807469 237.56715237636771576 41.009497869018218807469 85.76185732538071704
42.009497869018190385759 239.02978334830109475 42.009497869018190385759 86.07307657738304840
43.009497869018190385759 240.45307036902826781 43.009497869018190385759 86.37750546340465974
44.009497869018218807469 241.83880819949774832 44.009497869018218807469 86.66475814941709643
46.009497869018190385759 244.50432871213712360 46.009497869018190385759 87.21640450491572949
48.009497869018218807469 247.03783704855197811 48.009497869018218807469 87.72805916094097256
50.009497869018190385759 249.44850451006598746 50.009497869018190385759 88.18376130444823957
52.009497869018190385759 251.74544671309379851 52.009497869018190385759 88.59720622912782062
54.009497869018218807469 253.93731853806730214 54.009497869018218807469 88.97426240248144325
56.009497869018190385759 256.03097574053089147 56.009497869018190385759 89.31889699756837331
58.009497869018218807469 258.03239371299144977 58.009497869018218807469 89.64476728360897084
60.009497869018190385759 259.94746811505137885 60.009497869018190385759 89.97399945829693024
62.009497869018190385759 261.78116486548293551 62.009497869018190385759 90.29556156992175886
64.009497869018218807469 263.53866543655118448 64.009497869018218807469 90.60939607380950633
66.009497869018190385759 265.22689124213519563 66.009497869018190385759 90.94702043988647233
68.009497869018190385759 266.85182223672580903 68.009497869018190385759 91.29159030080479909
70.009497869018190385759 268.41707017271818358 70.009497869018190385759 91.58805386147005834
72.009497869018190385759 269.92638750257975744 72.009497869018190385759 91.83141025595998030
74.009497869018218807469 271.38324962909609894 74.009497869018218807469 92.06145345425518656
76.009497869018190385759 272.79045046147757603 76.009497869018190385759 92.27883688580207888
78.009497869018190385759 274.15156843256289676 78.009497869018190385759 92.52417209414120691
80.009497869018218807469 275.46882367799753411 80.009497869018218807469 92.70615583240790158
82.009497869018190385759 276.74220230456216996 82.009497869018190385759 92.91307640264676593
84.009497869018218807469 277.97232385084572570 84.009497869018218807469 93.09342130154776385
86.009497869018190385759 279.16020422071096618 86.009497869018190385759 93.19531194916895345
88.009497869018190385759 280.30870517236257911 88.009497869018190385759 93.31851074684853131
91.009497869018218807469 281.96027496785222866 91.009497869018218807469 93.46354938737022167
94.009497869018218807469 283.53205961849715777 94.009497869018218807469 93.67316808628001468
97.009497869018218807469 285.03482184469976346 97.009497869018218807469 93.99946098520362625
99.504748934509137825444 286.23995348997243582 99.504748934509137825444 94.06684551789670934
nan nan nan nan

