Time Pressure difference Time.1 Pressure.1 difference.1
(hr) (psi) (hr) (psi)
0.000200000000020850166 0.29474005605796755 0.000200000000020850166 0.23733860291893136
0.000399999999999067768 0.56544952833894102 0.000399999999999067768 0.54376607734896565
0.000600000000019917934 0.82226588132466760 0.000600000000019917934 0.76393985365023964
0.000799999999998135536 1.06868288785537557 0.000799999999998135536 0.97503718293868613
0.001007140329434719206 1.31502511063639704 0.001007140329434719206 1.18513400837203409
0.001267914553977789183 1.61445159903730340 0.001267914553977789183 1.43787685483564220
0.001596209851982166583 1.97718321732129509 0.001596209851982166583 1.73848585774465669
0.002009509145224797066 2.41504075347950353 0.002009509145224797066 2.09424308538615422
0.002529822128153114136 2.94159783528406971 0.002529822128153114136 2.51308234211358794
0.003184857364431081805 3.57232779492969676 0.003184857364431081805 3.00355770558338087
0.004009497869034817086 4.32474193726526579 0.004009497869034817086 3.57480489991984607
0.005047658755856332391 5.21851838986281624 0.005047658755856332391 4.23650482004673901
0.006354625877790454069 6.27562325318974334 0.006354625877790454069 4.99886183633106729
0.008000000000009777068 7.52042900660282054 0.008000000000009777068 5.87261197397779355
0.010071403294361402914 8.97983878606070185 0.010071403294361402914 6.86907684919725448
0.012679145539692626699 10.68342872890089268 0.012679145539692626699 8.00027671499728932
0.015962098519750611558 12.66362304453634913 0.015962098519750611558 9.27910715392383700
0.020095091452091651263 14.95591594715977202 0.020095091452091651263 10.71956888463727608
0.025298221281360611101 17.59915005012474865 0.025298221281360611101 12.33703503541365443
0.031848573644296607199 20.63585785970363418 0.031848573644296607199 14.14857950033662526
0.040094978690191851456 24.11268642647732463 0.040094978690191851456 16.17346950360512636
0.050476587558435426217 28.08095867405420876 0.050476587558435426217 18.43390771205643119
0.063546258777947173257 32.59742987661780944 0.063546258777947173257 20.95577368797762219
0.080000000000012505552 37.72517638525321360 0.080000000000012505552 23.76848575766794980
0.100714032943542974863 43.53426895830678234 0.100714032943542974863 26.90275004199986597
0.126791455396883634421 50.10159867072145090 0.126791455396883634421 30.38553245883254306
0.159620985197506115583 57.50920116821676942 0.159620985197506115583 34.23329042302410841
0.200950914520774404082 65.84092415214256278 0.200950914520774404082 38.44615996525891433
0.252982212813464002465 75.17802401926742561 0.252982212813464002465 43.00649144262287393
0.318485736442809752589 85.59509508111992204 0.318485736442809752589 47.88068291272733035
0.400949786901833249431 97.15643030836923799 0.400949786901833249431 53.03079285663893927
0.504765875584169521062 109.91717872239510712 0.504765875584169521062 58.42134345422121555
0.635462587779443310865 123.92269016228154044 0.635462587779443310865 64.02786145006983531
0.800000000000011368684 139.21338366533089470 0.800000000000011368684 69.84830311524834201
1.007140329435344483500 155.82904098162822493 1.007140329435344483500 75.91726366605409737
1.267914553968907398485 173.81972003225973822 1.267914553968907398485 82.25061503863759071
1.596209851975117999245 193.22431003418407158 1.596209851975117999245 88.95705581633237102
2.009509145207687197399 214.13116762017412498 2.009509145207687197399 96.09559931253708953
2.529822128134725289783 236.59141234969345646 2.529822128134725289783 103.79073141867993968
3.184857364427983839050 260.72920434539548751 3.184857364427983839050 112.21178337491060972
4.009497869018204596614 286.64505985174423586 4.009497869018204596614 121.42181065577169363
5.009497869018190385759 313.50900280955664812 5.009497869018190385759 131.14425778795248334
6.009497869018190385759 336.84489935245539982 6.009497869018190385759 139.68618508494202501
7.009497869018204596614 357.57065862482619423 7.009497869018204596614 147.30445678282811173
8.009497869018190385759 376.26159617616787045 8.009497869018190385759 154.14182820841344324
9.009497869018204596614 393.30603744627967444 9.009497869018204596614 160.32425001339078108
10.009497869018190385759 408.98145856814670651 10.009497869018190385759 165.93286558332638947
11.009497869018190385759 423.49491147868451435 11.009497869018190385759 170.99651890902316609
12.009497869018204596614 437.00635936691196548 12.009497869018204596614 175.62677652934547723
13.009497869018190385759 449.64214607538519886 13.009497869018190385759 179.87149403368150047
14.009497869018204596614 461.50564730058994201 14.009497869018204596614 183.76581597704165461
15.009497869018190385759 472.68025977725892517 15.009497869018190385759 187.35145484906726665
16.009497869018190385759 483.23517963818608223 16.009497869018190385759 190.66469108904976792
17.009497869018204596614 493.23097203183817783 17.009497869018204596614 193.73932260056477617
18.009497869018190385759 502.72006379151457622 18.009497869018190385759 196.61024816355950406
19.009497869018204596614 511.74701759187092875 19.009497869018204596614 199.28642868130168608
20.009497869018190385759 520.35204634319609340 20.009497869018190385759 201.78116698789509087
21.009497869018190385759 528.56809610604250338 21.009497869018190385759 204.10680382696364177
22.009497869018204596614 536.42335920996890763 22.009497869018204596614 206.28359798475969455
23.009497869018190385759 543.94360998812749131 23.009497869018190385759 208.31901708025435482
24.009497869018204596614 551.15267381199328156 24.009497869018204596614 210.23468188226644315
25.009497869018204596614 558.07288921453641706 25.009497869018204596614 212.04066428938057243
26.009497869018190385759 564.72391903570132854 26.009497869018190385759 213.74755286284812428
27.009497869018204596614 571.12369925828295436 27.009497869018204596614 215.36690827176369112
28.009497869018190385759 577.28780744187577056 28.009497869018190385759 216.90256016041470843
29.009497869018190385759 583.23021600279139420 29.009497869018190385759 218.34807347990420112
30.009497869018190385759 588.96389121882032214 30.009497869018190385759 219.73257066862373676
31.009497869018218807469 594.50071071093168484 31.009497869018218807469 221.04612719793712472
32.009497869018190385759 599.85161489261668066 32.009497869018190385759 222.29406884018348478
33.009497869018190385759 605.02672897264574203 33.009497869018190385759 223.47455079416388912
34.009497869018218807469 610.03578841067223948 34.009497869018218807469 224.61210716685096145
35.009497869018190385759 614.88746660431843338 35.009497869018190385759 225.69632338917836023
36.009497869018190385759 619.58978135728921188 36.009497869018190385759 226.74132644548740245
37.009497869018190385759 624.15015989914400052 37.009497869018190385759 227.74617494385847749
38.009497869018218807469 628.57567573308858755 38.009497869018218807469 228.71531996992257518
39.009497869018190385759 632.87280043146779462 39.009497869018190385759 229.65552622302988084
40.009497869018190385759 637.04759424143628621 40.009497869018190385759 230.56385309923985005
41.009497869018218807469 641.10587696088271059 41.009497869018218807469 231.43953278219177605
42.009497869018190385759 645.05297698103174753 42.009497869018190385759 232.27939843485563642
43.009497869018190385759 648.89390222874749270 43.009497869018190385759 233.10093940124272649
44.009497869018218807469 652.63349610001444034 44.009497869018218807469 233.87612815664613208
46.009497869018190385759 659.82675008617832191 46.009497869018190385759 235.36481763655342547
48.009497869018218807469 666.66375203513348424 48.009497869018218807469 236.74558431103247358
50.009497869018190385759 673.16925189702737953 50.009497869018190385759 237.97535584899043215
52.009497869018190385759 679.36784934903403155 52.009497869018190385759 239.09109078271478666
54.009497869018218807469 685.28290071231867842 54.009497869018218807469 240.10862593546360699
56.009497869018190385759 690.93290713540534398 56.009497869018190385759 241.03866724001326816
58.009497869018218807469 696.33399399259326401 58.009497869018218807469 241.91807061467079620
60.009497869018190385759 701.50207148856327422 60.009497869018190385759 242.80654648334925128
62.009497869018190385759 706.45054080137197161 62.009497869018190385759 243.67432368869290826
64.009497869018218807469 711.19338480822727888 64.009497869018218807469 244.52124693891059337
66.009497869018190385759 715.74928184521422736 66.009497869018190385759 245.43237022818681226
68.009497869018190385759 720.13436959773946455 68.009497869018190385759 246.36223683915815741
70.009497869018190385759 724.35839484966402324 70.009497869018190385759 247.16228233848772788
72.009497869018190385759 728.43148408230433688 72.009497869018190385759 247.81901123868658487
74.009497869018218807469 732.36301612235513403 74.009497869018218807469 248.43981274641470236
76.009497869018190385759 736.16053069741201398 76.009497869018190385759 249.02645022606861858
78.009497869018190385759 739.83368467417653846 78.009497869018190385759 249.68851921295637908
80.009497869018218807469 743.38846937760968103 80.009497869018218807469 250.17962601348429530
82.009497869018190385759 746.82484731505144282 82.009497869018190385759 250.73802810029334864
84.009497869018218807469 750.14449039200849256 84.009497869018218807469 251.22471227951928086
86.009497869018190385759 753.35014015726096659 86.009497869018190385759 251.49967745186688717
88.009497869018190385759 756.44951943774549363 88.009497869018190385759 251.83214544012551528
91.009497869018218807469 760.90649546119038860 91.009497869018218807469 252.22355108646485178
94.009497869018218807469 765.14816088827319618 94.009497869018218807469 252.78923442461868376
97.009497869018218807469 769.20356032062818485 97.009497869018218807469 253.66977827513855459
99.504748934509137825444 772.45576489759685046 99.504748934509137825444 253.85162420583085918
nan nan nan nan

