Time Pressure difference Time.1 Pressure.1 difference.1
(hr) (psi) (hr) (psi)
0.000200000000006639311 0.55762123449967238 0.000200000000006639311 0.44451570817276403
0.000399999999999067768 1.11492665383107181 0.000399999999999067768 1.16353246120188381
0.000600000000005707079 1.67196442072119256 0.000600000000005707079 1.70236297798971070
0.000799999999998135536 2.22875760483441576 0.000799999999998135536 2.25091658469901512
0.001007140329434719206 2.80518279889168065 0.001007140329434719206 2.82676790488236529
0.001267914553963578328 3.53051875907487478 0.001267914553963578328 3.55683439825222081
0.001596209851982166583 4.44314407048982929 0.001596209851982166583 4.47496091586275302
0.002009509145210586212 5.59128036345300039 0.002009509145210586212 5.62932660250303751
0.002529822128138903281 7.03549084316389983 0.002529822128138903281 7.08031165067305324
0.003184857364445292660 8.85179898233888274 0.003184857364445292660 8.90351016605196399
0.004009497869020606231 11.13557361780499555 0.004009497869020606231 11.19344486623867496
0.005047658755842121536 14.00635689350347235 0.005047658755842121536 14.06812357738417418
0.006354625877804664924 17.61384544617627057 0.006354625877804664924 17.67459165122123110
0.008000000000009777068 22.14527178651141881 0.008000000000009777068 22.19564081139180445
0.010071403294347192059 27.83446946231926589 0.010071403294347192059 27.85782583362183118
0.012679145539692626699 34.97293755285831907 0.012679145539692626699 34.94090354035152046
0.015962098519750611558 43.92323906331096595 0.015962098519750611558 43.78872473753992267
0.020095091452091651263 55.13506021301559912 0.020095091452091651263 54.82145015549670575
0.025298221281346400247 69.16420176522686347 0.025298221281346400247 68.54868412381952680
0.031848573644282396344 86.69463623027009191 0.031848573644282396344 85.58266542423604051
0.040094978690191851456 108.56349680412186842 0.040094978690191851456 106.64994391610528623
0.050476587558421215363 135.78839516652701036 0.050476587558421215363 132.59890360068288828
0.063546258777947173257 169.59570006716268153 0.063546258777947173257 164.39895235168276599
0.079999999999998294697 211.44722372966526791 0.079999999999998294697 203.12507372034019681
0.100714032943542974863 263.06101194232212492 0.100714032943542974863 249.91865882032018931
0.126791455396897845276 326.41946360398532079 0.126791455396897845276 305.91215865428159759
0.159620985197506115583 403.75469861831862772 0.159620985197506115583 372.10143781137924179
0.200950914520774404082 497.49695265801835831 0.200950914520774404082 449.14664645846363555
0.252982212813464002465 610.16710653187647040 0.252982212813464002465 537.08200466708422027
0.318485736442795541734 744.19022962479766647 0.318485736442795541734 634.92150056986247364
0.400949786901819038576 901.60559338084988212 0.400949786901819038576 740.16958110599489373
0.504765875584169521062 1083.65488607983706970 0.504765875584169521062 848.29668811395060857
0.635462587779443310865 1290.25277175663063645 0.635462587779443310865 952.33184426837385672
0.799999999999997157829 1519.39313870397336359 0.799999999999997157829 1042.85185898432177964
1.007140329435330272645 1766.62531699744886282 1.007140329435330272645 1108.74826308046317536
1.267914553968893187630 2024.82903209731398420 1.267914553968893187630 1139.09015082893961335
1.596209851975103788391 2284.56527883757826203 1.596209851975103788391 1126.01279845186104467
2.009509145207687197399 2535.19096435862138605 2.009509145207687197399 1067.84998729886865476
2.529822128134711078928 2766.64256864235903777 2.529822128134711078928 971.06289149232020463
3.184857364427983839050 2971.40253821744181550 3.184857364427983839050 849.55604133442454895
4.009497869018190385759 3145.91089057140334262 4.009497869018190385759 721.01873728487328208
5.009497869018190385759 3286.48662557947454843 5.009497869018190385759 604.96294900849966325
6.009497869018190385759 3383.21844216889121526 6.009497869018190385759 523.55597617247485687
7.009497869018204596614 3454.39660076012660284 7.009497869018204596614 466.92193480093732205
8.009497869018190385759 3509.60372141089419529 8.009497869018190385759 427.06211521485886351
9.009497869018204596614 3554.21208425389204422 9.009497869018204596614 399.12749133591205464
10.009497869018190385759 3591.41562586890313469 10.009497869018190385759 379.19831942878590780
11.009497869018190385759 3623.21668749578930147 11.009497869018190385759 363.03292205116531477
12.009497869018190385759 3650.92720842023572914 12.009497869018190385759 350.70684239114063985
13.009497869018190385759 3675.44383694607995494 13.009497869018190385759 341.10857859771937228
14.009497869018204596614 3697.40107940178904755 14.009497869018204596614 333.48537625222178349
15.009497869018190385759 3717.26218767069804017 15.009497869018190385759 327.31611486816370871
16.009497869018190385759 3735.37479125779782407 16.009497869018190385759 322.23596612820267637
17.009497869018190385759 3752.00620569553984751 17.009497869018190385759 318.08161546521887431
18.009497869018190385759 3767.36634526399893730 18.009497869018190385759 314.44437946774957027
19.009497869018204596614 3781.62253229938914956 19.009497869018204596614 311.43603071688357886
20.009497869018190385759 3794.91098829728753117 20.009497869018190385759 308.67675765367846452
21.009497869018204596614 3807.34425549768548080 21.009497869018204596614 306.24608714167879953
22.009497869018190385759 3819.01566605441621505 22.009497869018190385759 304.08202963705934962
23.009497869018190385759 3830.00421874934727384 23.009497869018190385759 302.17045510282696341
24.009497869018190385759 3840.37729817779791119 24.009497869018190385759 300.39928500512581877
25.009497869018190385759 3850.19242297985420009 25.009497869018190385759 298.78046480734525403
26.009497869018204596614 3859.49989073688220742 26.009497869018204596614 297.32306803587198374
27.009497869018190385759 3868.34300720199689749 27.009497869018190385759 295.93460262357126567
28.009497869018190385759 3876.76025193697387294 28.009497869018190385759 294.63977529360698782
29.009497869018190385759 3884.78514320429303552 29.009497869018190385759 293.43495371559754403
30.009497869018190385759 3892.44776892671097812 30.009497869018190385759 292.28803903199764136
31.009497869018190385759 3899.77468808865523897 31.009497869018190385759 291.20242992522463510
32.009497869018190385759 3906.78981375529065190 32.009497869018190385759 290.16923447015244619
33.009497869018190385759 3913.51461534905956796 33.009497869018190385759 289.18834095017052732
34.009497869018190385759 3919.96837585012644922 34.009497869018190385759 288.24033870350723419
35.009497869018190385759 3926.16872307816674947 35.009497869018190385759 287.32564459651985089
36.009497869018190385759 3932.13148725632208880 36.009497869018190385759 286.44468160882718166
37.009497869018190385759 3937.87118352699735624 37.009497869018190385759 285.59228565107179065
38.009497869018190385759 3943.40108491439059435 38.009497869018190385759 284.76528769994922641
39.009497869018190385759 3948.73326851650836034 39.009497869018190385759 283.95485288650775146
40.009497869018190385759 3953.87889148857266264 40.009497869018190385759 283.15510229917350671
41.009497869018190385759 3958.84822784072048307 41.009497869018190385759 282.39618591862324593
42.009497869018190385759 3963.65070851206155567 42.009497869018190385759 281.63677318884430179
43.009497869018190385759 3968.29508468971789625 43.009497869018190385759 280.91061057111562604
44.009497869018218807469 3972.78947450958321497 44.009497869018218807469 280.17920904656216408
46.009497869018190385759 3981.35780578856292777 46.009497869018190385759 278.75976349644184893
48.009497869018190385759 3989.40981850254638630 48.009497869018190385759 277.39393035689153066
50.009497869018190385759 3996.99260291249538568 50.009497869018190385759 276.04178707819130523
52.009497869018190385759 4004.14734191391016793 52.009497869018190385759 274.72794161469010987
54.009497869018190385759 4010.91038735304891816 54.009497869018190385759 273.45874622684402766
56.009497869018190385759 4017.31378229430401916 56.009497869018190385759 272.21501468326721351
58.009497869018218807469 4023.38617795259870036 58.009497869018218807469 270.93631953511794563
60.009497869018190385759 4029.15297328329597804 60.009497869018190385759 269.74091296969504583
62.009497869018190385759 4034.63712630820691629 62.009497869018190385759 268.56687450061338041
64.009497869018190385759 4039.85914258133652766 64.009497869018190385759 267.41299666699740101
66.009497869018190385759 4044.83761207355973966 66.009497869018190385759 266.25963708461131318
68.009497869018190385759 4049.58941636801500863 68.009497869018190385759 265.11456185222976956
70.009497869018190385759 4054.12968276087531194 70.009497869018190385759 264.02489838933286137
72.009497869018218807469 4058.47247608203815616 72.009497869018218807469 262.93699631905894876
74.009497869018190385759 4062.63045050239225020 74.009497869018190385759 261.88122968693943449
76.009497869018190385759 4066.61518396943984044 76.009497869018190385759 260.84751104953068079
78.009497869018190385759 4070.43746944738859384 78.009497869018190385759 259.82806265518809141
80.009497869018190385759 4074.10703925797906777 80.009497869018190385759 258.83723465093549976
82.009497869018218807469 4077.63289333436205197 82.009497869018218807469 257.87184076723832504
84.009497869018190385759 4081.02347880673096370 84.009497869018190385759 256.93930527688036136
86.009497869018190385759 4084.28642796306985474 86.009497869018190385759 256.01035688327363005
88.009497869018190385759 4087.42881323389565296 88.009497869018190385759 255.11891008443086548
91.009497869018218807469 4091.93094028589166555 91.009497869018218807469 253.81301528295671233
94.009497869018190385759 4096.19714361358182941 94.009497869018190385759 252.55861504499324610
97.009497869018190385759 4100.24575730217111413 97.009497869018190385759 251.34620702517105428
99.504748934509109403734 4103.45941028979268594 99.504748934509109403734 250.56852890934203515
nan nan nan nan

