Time Pressure difference Time.1 Pressure.1 difference.1
(hr) (psi) (hr) (psi)
0.000200000000006639311 0.16562182935139522 0.000200000000006639311 0.13202779989011945
0.000399999999999067768 0.33114985688415421 0.000399999999999067768 0.34558650713309685
0.000600000000005707079 0.49659838764704078 0.000600000000005707079 0.50562721286560064
0.000799999999998135536 0.66197427367469952 0.000799999999998135536 0.66855582142552838
0.001007140329434719206 0.83318115967081252 0.001007140329434719206 0.83959225831580697
0.001267914553963578328 1.04861676575507468 0.001267914553963578328 1.05643290336148055
0.001596209851982166583 1.31968010451862083 0.001596209851982166583 1.32913018247266845
0.002009509145210586212 1.66069371989126435 0.002009509145210586212 1.67199402074343939
0.002529822128138903281 2.08964578774569532 0.002529822128138903281 2.10295823654319047
0.003184857364445292660 2.62911641415736952 0.003184857364445292660 2.64447540752886656
0.004009497869020606231 3.30743156707939434 0.004009497869020606231 3.32462019161417377
0.005047658755842121536 4.16009704747342024 0.005047658755842121536 4.17844267447679218
0.006354625877804664924 5.23157499072996668 0.006354625877804664924 5.24961752028809681
0.008000000000009777068 6.57747624703846689 0.008000000000009777068 6.59243659920443115
0.010071403294347192059 8.26725287015154287 0.010071403294347192059 8.27419006103096244
0.012679145539692626699 10.38748443734150229 0.012679145539692626699 10.37796985750739331
0.015962098519750611558 13.04585757253564360 0.015962098519750611558 13.00590481010514132
0.020095091452091651263 16.37593579461209714 0.020095091452091651263 16.28278892678185841
0.025298221281346400247 20.54280022579126452 0.025298221281346400247 20.35998229946281768
0.031848573644282396344 25.74960091018470010 0.031848573644282396344 25.41932898421339004
0.040094978690191851456 32.24497890152276369 0.040094978690191851456 31.67662513329097251
0.050476587558421215363 40.33118005692369223 0.050476587558421215363 39.38385345751626687
0.063546258777947173257 50.37245419905279675 0.063546258777947173257 48.82894256415652734
0.079999999999998294697 62.80298137642297718 0.079999999999998294697 60.33117861245924729
0.100714032943542974863 78.13304683062999345 0.100714032943542974863 74.22957179887121981
0.126791455396897845276 96.95145262267622854 0.126791455396897845276 90.86047697343586549
0.159620985197506115583 119.92117167917224663 0.159620985197506115583 110.51968078278278540
0.200950914520774404082 147.76402026708308313 0.200950914520774404082 133.40325767945412849
0.252982212813464002465 181.22873761170657758 0.252982212813464002465 159.52137153544740045
0.318485736442795541734 221.03560551542494750 0.318485736442795541734 188.58116210955614633
0.400949786901819038576 267.79031803401363732 0.400949786901819038576 219.84141289566119326
0.504765875584169521062 321.86167511923514439 0.504765875584169521062 251.95677751444202386
0.635462587779443310865 383.22433071577540886 0.635462587779443310865 282.85677165583041415
0.799999999999997157829 451.28243970461301160 0.799999999999997157829 309.74256707146275858
1.007140329435330272645 524.71408669028699023 1.007140329435330272645 329.31478261643604810
1.267914553968893187630 601.40444386173942348 1.267914553968893187630 338.32677614172979474
1.596209851975103788391 678.54998580399717412 1.596209851975103788391 334.44260730137358451
2.009509145207687197399 752.98955508562039540 2.009509145207687197399 317.16738428727592236
2.529822128134711078928 821.73413605944688243 2.529822128134711078928 288.42017224921153229
3.184857364427983839050 882.55090314219557968 3.184857364427983839050 252.33082421723952393
4.009497869018190385759 934.38248839359596332 4.009497869018190385759 214.15332644729821254
5.009497869018190385759 976.13557983629186765 5.009497869018190385759 179.68302515327079050
6.009497869018190385759 1004.86637312180505432 6.009497869018190385759 155.50393919152611488
7.009497869018204596614 1026.00734858397800053 7.009497869018204596614 138.68278361997988668
8.009497869018190385759 1042.40468740413120941 8.009497869018190385759 126.84382228023419259
9.009497869018204596614 1055.65403696496196062 9.009497869018204596614 118.54682205350223967
10.009497869018190385759 1066.70404410136097795 10.009497869018190385759 112.62756054675880080
11.009497869018190385759 1076.14943404725681830 11.009497869018190385759 107.82619625101776251
12.009497869018190385759 1084.37987235168202460 12.009497869018190385759 104.16516662065221510
13.009497869018190385759 1091.66167694368641605 13.009497869018190385759 101.31433901633754147
14.009497869018204596614 1098.18330567306861667 14.009497869018204596614 99.05013414058528554
15.009497869018190385759 1104.08235126338649934 15.009497869018190385759 97.21777143099190255
16.009497869018190385759 1109.46206486612209119 16.009497869018190385759 95.70889143210796135
17.009497869018190385759 1114.40184318419778720 17.009497869018190385759 94.47498727996799062
18.009497869018190385759 1118.96403389184433763 18.009497869018190385759 93.39467390161516391
19.009497869018204596614 1123.19833422026636072 19.009497869018204596614 92.50114942188034206
20.009497869018190385759 1127.14520398680633662 20.009497869018190385759 91.68160413892837823
21.009497869018204596614 1130.83806991647679752 21.009497869018204596614 90.95965871820011728
22.009497869018190385759 1134.30465305198322312 22.009497869018190385759 90.31690133996241343
23.009497869018190385759 1137.56841721062710349 23.009497869018190385759 89.74913517233217419
24.009497869018190385759 1140.64937662295801601 24.009497869018190385759 89.22307121794035822
25.009497869018190385759 1143.56461518356854867 25.009497869018190385759 88.74225745770404217
26.009497869018204596614 1146.32907202483511355 26.009497869018204596614 88.30938886438585200
27.009497869018190385759 1148.95560960178727328 27.009497869018190385759 87.89699391356818126
28.009497869018190385759 1151.45565691859383151 28.009497869018190385759 87.51241087078774683
29.009497869018190385759 1153.83916939948380787 29.009497869018190385759 87.15456087970733279
30.009497869018190385759 1156.11508360659036043 30.009497869018190385759 86.81391010054855428
31.009497869018190385759 1158.29128795469023316 31.009497869018190385759 86.49146799271598240
32.009497869018190385759 1160.37488498104880819 32.009497869018190385759 86.18459352173185550
33.009497869018190385759 1162.37225142457123184 33.009497869018190385759 85.89325350609540521
34.009497869018190385759 1164.28911461817210693 34.009497869018190385759 85.61168268954916982
35.009497869018190385759 1166.13071028739591384 35.009497869018190385759 85.34000488762306702
36.009497869018190385759 1167.90174024478801584 36.009497869018190385759 85.07834573157703062
37.009497869018190385759 1169.60651570428717605 37.009497869018190385759 84.82517140979597059
38.009497869018190385759 1171.24897895218487065 38.009497869018190385759 84.57954067505954754
39.009497869018190385759 1172.83271706684354285 39.009497869018190385759 84.33882943942543875
40.009497869018190385759 1174.36104388988951541 40.009497869018190385759 84.10129157841124936
41.009497869018190385759 1175.83701095567698758 41.009497869018190385759 83.87588208627764175
42.009497869018190385759 1177.26341939388066749 42.009497869018190385759 83.65032517101495557
43.009497869018190385759 1178.64286843769218649 43.009497869018190385759 83.43464403530150264
44.009497869018218807469 1179.97776929463725537 44.009497869018218807469 83.21740686606847248
46.009497869018190385759 1182.52269157003570399 46.009497869018190385759 82.79581035192823890
48.009497869018190385759 1184.91425952538315869 48.009497869018190385759 82.39013752391254286
50.009497869018190385759 1187.16645967102454051 50.009497869018190385759 81.98853078889563051
52.009497869018190385759 1189.29152394159427786 52.009497869018190385759 81.59829907660198955
54.009497869018190385759 1191.30024937799521467 54.009497869018190385759 81.22132910319695043
56.009497869018190385759 1193.20215324860669170 56.009497869018190385759 80.85192227159727452
58.009497869018218807469 1195.00574539189119605 58.009497869018218807469 80.47213072759473107
60.009497869018190385759 1196.71856967668077232 60.009497869018190385759 80.11707713577510503
62.009497869018190385759 1198.34744497810925168 62.009497869018190385759 79.76837018749561992
64.009497869018190385759 1199.89846175177012810 64.009497869018190385759 79.42565124885446437
66.009497869018190385759 1201.37714149647513295 66.009497869018190385759 79.08308623856366637
68.009497869018190385759 1202.78849829438036068 68.009497869018190385759 78.74298180387124546
70.009497869018190385759 1204.13702517823026028 70.009497869018190385759 78.41933549175706730
72.009497869018218807469 1205.42689961242604113 72.009497869018218807469 78.09621233954139541
74.009497869018190385759 1206.66188007459118126 74.009497869018190385759 77.78263389209095635
76.009497869018190385759 1207.84540538793794440 76.009497869018190385759 77.47560402814417557
78.009497869018190385759 1208.98068122392578516 78.009497869018190385759 77.17281263937675817
80.009497869018190385759 1210.07059822736960086 80.009497869018190385759 76.87852193363606546
82.009497869018218807469 1211.11782951274312836 82.009497869018218807469 76.59178554131406713
84.009497869018190385759 1212.12488400379015729 84.009497869018190385759 76.31480858223758901
86.009497869018190385759 1213.09402860395653079 86.009497869018190385759 76.03889704443501785
88.009497869018190385759 1214.02736393066447818 88.009497869018190385759 75.77412404000260437
91.009497869018218807469 1215.36456286103339153 91.009497869018218807469 75.38625379299757867
94.009497869018190385759 1216.63168892403382415 94.009497869018190385759 75.01367819993082264
97.009497869018190385759 1217.83418761661482677 97.009497869018190385759 74.65357492240153192
99.504748934509109403734 1218.78869051890865194 99.504748934509109403734 74.42259291486426775
nan nan nan nan

