Time Pressure difference Time.1 Pressure.1 difference.1
(hr) (psi) (hr) (psi)
0.000200000000006639311 0.89052943420096919 0.000200000000006639311 0.70989822051471274
0.000399999999999067768 1.78055450686454786 0.000399999999999067768 1.85817870669554597
0.000600000000005707079 2.67015213458459133 0.000600000000005707079 2.71869908425222473
0.000799999999998135536 3.55935915995943963 0.000799999999998135536 3.59474738153424811
0.001007140329434719206 4.47991879822999728 0.001007140329434719206 4.51439053466288165
0.001267914553963578328 5.63829115255241131 0.001267914553963578328 5.68031762108936800
0.001596209851982166583 7.09576739615539864 0.001596209851982166583 7.14657937309424707
0.002009509145210586212 8.92935819238016393 0.002009509145210586212 8.99011860399738794
0.002529822128138903281 11.23578388385876536 0.002529822128138903281 11.30736338241816163
0.003184857364445292660 14.13645509119791477 0.003184857364445292660 14.21903862339642011
0.004009497869020606231 17.78367727022588696 0.004009497869020606231 17.87609851772445069
0.005047658755842121536 22.36836100902793589 0.005047658755842121536 22.46700332507622022
0.006354625877804664924 28.12957407075911576 0.006354625877804664924 28.22658666687569706
0.008000000000009777068 35.36632956950331419 0.008000000000009777068 35.44676965401377799
0.010071403294347192059 44.45206317116658568 0.010071403294347192059 44.48936364473934901
0.012679145539692626699 55.85230325605731139 0.012679145539692626699 55.80114445996436956
0.015962098519750611558 70.14606835483989755 0.015962098519750611558 69.93124696890703262
0.020095091452091651263 88.05151407153238097 0.020095091452091651263 87.55067412892756806
0.025298221281346400247 110.45626252058619343 0.025298221281346400247 109.47327166042821034
0.031848573644282396344 138.45262800953582882 0.031848573644282396344 136.67679403572023489
0.040094978690191851456 173.37752474688119264 0.040094978690191851456 170.32155222422784391
0.050476587558421215363 216.85609377340878723 0.050476587558421215363 211.76242813840403301
0.063546258777947173257 270.84686428636427991 0.063546258777947173257 262.54758062134413876
0.079999999999998294697 337.68437222498783967 0.079999999999998294697 324.39377444890152447
0.100714032943542974863 420.11236235564877006 0.100714032943542974863 399.12382826528744317
0.126791455396897845276 521.29675530785721094 0.126791455396897845276 488.54628322400191109
0.159620985197506115583 644.80227988298634045 0.159620985197506115583 594.25154993757575994
0.200950914520774404082 794.51005872250698303 0.200950914520774404082 717.29389807545680924
0.252982212813464002465 974.44597610314588110 0.252982212813464002465 857.72797760265700617
0.318485736442795541734 1188.48290402766201623 0.318485736442795541734 1013.97911285037730522
0.400949786901819038576 1439.87758942911841586 0.400949786901819038576 1182.06186833345464038
0.504765875584169521062 1730.61302702302305079 0.504765875584169521062 1354.74247206257768994
0.635462587779443310865 2060.55293399939546362 0.635462587779443310865 1520.88816920471640515
0.799999999999997157829 2426.49352001977877080 0.799999999999997157829 1665.44998375108116306
1.007140329435330272645 2821.32699878697076201 1.007140329435330272645 1770.68752462103816470
1.267914553968893187630 3233.68218558824764841 1.267914553968893187630 1819.14397221935132620
1.596209851975103788391 3648.48484829284871012 1.596209851975103788391 1798.25924528879295394
2.009509145207687197399 4048.73780875182774253 2.009509145207687197399 1705.37236777580528724
2.529822128134711078928 4418.36947529451299488 2.529822128134711078928 1550.80193118922784379
3.184857364427983839050 4745.37420282487073564 3.184857364427983839050 1356.75367795199144894
4.009497869018190385759 5024.06664613642078621 4.009497869018190385759 1151.47768491763349630
5.009497869018190385759 5248.56819308960893977 5.009497869018190385759 966.13485886432033567
6.009497869018190385759 5403.05034794136372511 6.009497869018190385759 836.12670821574340607
7.009497869018204596614 5516.72292957214267517 7.009497869018204596614 745.68129886119845651
8.009497869018190385759 5604.88952523829357233 8.009497869018190385759 682.02457205955056452
9.009497869018204596614 5676.12974649502211832 9.009497869018204596614 637.41256079018785385
10.009497869018190385759 5735.54435773093518947 10.009497869018190385759 605.58537580418055768
11.009497869018190385759 5786.33112779178281926 11.009497869018190385759 579.76899491753272287
12.009497869018190385759 5830.58524329798819963 12.009497869018190385759 560.08406172913510090
13.009497869018190385759 5869.73866497358994820 13.009497869018190385759 544.75549119337267712
14.009497869018204596614 5904.80470889539446944 14.009497869018204596614 532.58112326847367513
15.009497869018190385759 5936.52319523529422440 15.009497869018190385759 522.72872075960469829
16.009497869018190385759 5965.44929350125858036 16.009497869018190385759 514.61564739877144348
17.009497869018190385759 5992.00991058839917969 17.009497869018190385759 507.98108738475258406
18.009497869018190385759 6016.54028273504354729 18.009497869018190385759 502.17236720968969621
19.009497869018204596614 6039.30762620947189134 19.009497869018204596614 497.36798935382898890
20.009497869018190385759 6060.52948877327980881 20.009497869018190385759 492.96138908871034801
21.009497869018204596614 6080.38560206346846826 21.009497869018204596614 489.07957200238251971
22.009497869018190385759 6099.02501892272448458 22.009497869018190385759 485.62353986813957363
23.009497869018190385759 6116.57390158477937803 23.009497869018190385759 482.57072680600720105
24.009497869018190385759 6133.13986425409530057 24.009497869018190385759 479.74214172460398231
25.009497869018190385759 6148.81476505737919069 25.009497869018190385759 477.15686170725291504
26.009497869018204596614 6163.67892998278148298 26.009497869018204596614 474.82937731101941381
27.009497869018190385759 6177.80151896438292169 27.009497869018190385759 472.61197732421084083
28.009497869018190385759 6191.24398443665995728 28.009497869018190385759 470.54411875247683383
29.009497869018190385759 6204.05985556506402645 29.009497869018190385759 468.62000070998414003
30.009497869018190385759 6216.29718321131440462 30.009497869018190385759 466.78836084214555058
31.009497869018190385759 6227.99838246994204383 31.009497869018190385759 465.05462689550802224
32.009497869018190385759 6239.20164286292674660 32.009497869018190385759 463.40459833293004976
33.009497869018190385759 6249.94125137834816996 33.009497869018190385759 461.83809674131703105
34.009497869018190385759 6260.24800322333703662 34.009497869018190385759 460.32412300410862827
35.009497869018190385759 6270.15005028901305195 35.009497869018190385759 458.86334286309892150
36.009497869018190385759 6279.67267367800650391 36.009497869018190385759 457.45643182305235541
37.009497869018190385759 6288.83905428938305704 37.009497869018190385759 456.09514275618931833
38.009497869018190385759 6297.67038934089305258 38.009497869018190385759 454.77441468499353050
39.009497869018190385759 6306.18596613830413844 39.009497869018190385759 453.48013819188548723
40.009497869018190385759 6314.40360282503479539 40.009497869018190385759 452.20292456733682229
41.009497869018190385759 6322.33970714861425222 41.009497869018190385759 450.99092378048783303
42.009497869018190385759 6330.00934045956000773 42.009497869018190385759 449.77813031651260189
43.009497869018190385759 6337.42647853432572447 43.009497869018190385759 448.61843777775180797
44.009497869018218807469 6344.60408615709457081 44.009497869018218807469 447.45037862659933126
46.009497869018190385759 6358.28783909516641870 46.009497869018190385759 445.18350289730267377
48.009497869018190385759 6371.14702357869373373 48.009497869018190385759 443.00224698787150146
50.009497869018190385759 6383.25684345726858737 50.009497869018190385759 440.84285399054436994
52.009497869018190385759 6394.68306842967740522 52.009497869018190385759 438.74462317569907555
54.009497869018190385759 6405.48375293695880828 54.009497869018190385759 436.71769919809418070
56.009497869018190385759 6415.71007023120273516 56.009497869018190385759 434.73144135984466629
58.009497869018218807469 6425.40777673026877892 58.009497869018218807469 432.68934612324812861
60.009497869018190385759 6434.61743494496568019 60.009497869018190385759 430.78026399637866461
62.009497869018190385759 6443.37570917877837928 62.009497869018190385759 428.90530703829296044
64.009497869018190385759 6451.71534710750802333 64.009497869018190385759 427.06254691595108852
66.009497869018190385759 6459.66603719210252166 66.009497869018190385759 425.22061444855842183
68.009497869018190385759 6467.25473957279973547 68.009497869018190385759 423.39191221176997715
70.009497869018190385759 6474.50561276736880245 70.009497869018190385759 421.65170339788971887
72.009497869018218807469 6481.44111851907564414 72.009497869018218807469 419.91430755431804300
74.009497869018190385759 6488.08146572770147031 74.009497869018190385759 418.22823248511224392
76.009497869018190385759 6494.44514454820910032 76.009497869018190385759 416.57736839253402650
78.009497869018190385759 6500.54939150553127547 78.009497869018190385759 414.94929409112125995
80.009497869018190385759 6506.40974926274157042 80.009497869018190385759 413.36692697985216682
82.009497869018218807469 6512.04059084741311381 82.009497869018218807469 411.82517853872394653
84.009497869018190385759 6517.45540645254004630 84.009497869018190385759 410.33590544218202467
86.009497869018190385759 6522.66638495594634151 86.009497869018190385759 408.85236099269076249
88.009497869018190385759 6527.68482113472873607 88.009497869018190385759 407.42870714976271529
91.009497869018218807469 6534.87478523269328434 91.009497869018218807469 405.34317366084127343
94.009497869018190385759 6541.68797562168947479 94.009497869018190385759 403.33987775842200563
97.009497869018190385759 6548.15367210943622922 97.009497869018190385759 401.40364405512389112
99.504748934509109403734 6553.28592389563982579 99.504748934509109403734 400.16168049700894471
nan nan nan nan

