Time Pressure difference Time.1 Pressure.1 difference.1
(hr) (psi) (hr) (psi)
0.000200000000006639311 0.77484383480476859 0.000200000000006639311 0.61767779747588547
0.000399999999999067768 1.54924882793541485 0.000399999999999067768 1.61678913638649835
0.000600000000005707079 2.32328190401706003 0.000600000000005707079 2.36552228732600156
0.000799999999998135536 3.09697511955349380 0.000799999999998135536 3.12776617963400483
0.001007140329434719206 3.89794803845993210 0.001007140329434719206 3.92794167081415235
0.001267914553963578328 4.90584024581896738 0.001267914553963578328 4.94240720115345855
0.001596209851982166583 6.17398079048661330 0.001596209851982166583 6.21819195920630374
0.002009509145210586212 7.76937614682797495 0.002009509145210586212 7.82224338347810022
0.002529822128138903281 9.77618205221729930 0.002529822128138903281 9.83846290563673698
0.003184857364445292660 12.30003709336940076 0.003184857364445292660 12.37189248446922107
0.004009497869020606231 15.47346125100962588 0.004009497869020606231 15.55387637383314292
0.005047658755842121536 19.46256457888318536 0.005047658755842121536 19.54839261275323281
0.006354625877804664924 24.47535837371657763 0.006354625877804664924 24.55976839893577335
0.008000000000009777068 30.77201198991363285 0.008000000000009777068 30.84200238120264359
0.010071403294347192059 38.67744935734214806 0.010071403294347192059 38.70990425537600998
0.012679145539692626699 48.59672367419567252 0.012679145539692626699 48.55221074039890539
0.015962098519750611558 61.03363517603359156 0.015962098519750611558 60.84672049350696454
0.020095091452091651263 76.61304635569780430 0.020095091452091651263 76.17726879816035535
0.025298221281346400247 96.10727140809882485 0.025298221281346400247 95.25197749145668524
0.031848573644282396344 120.46672586624099210 0.031848573644282396344 118.92158434322948324
0.040094978690191851456 150.85465003677234108 0.040094978690191851456 148.19566833715526855
0.050476587558421215363 188.68506850751739989 0.050476587558421215363 184.25310336154592505
0.063546258777947173257 235.66208472019175701 0.063546258777947173257 228.44093229763683439
0.079999999999998294697 293.81696312286322836 0.079999999999998294697 282.25290094572642374
0.100714032943542974863 365.53701808701771370 0.100714032943542974863 347.27503188316131855
0.126791455396897845276 453.57689644076168634 0.126791455396897845276 425.08092493602407558
0.159620985197506115583 561.03824539351433032 0.159620985197506115583 517.05438597372244658
0.200950914520774404082 691.29800436509708561 0.200950914520774404082 624.11272813855168806
0.252982212813464002465 847.85906892712978333 0.252982212813464002465 746.30350200754548950
0.318485736442795541734 1034.09119967266656204 0.318485736442795541734 882.25659258289840636
0.400949786901819038576 1252.82807080234510977 0.400949786901819038576 1028.50429852191223290
0.504765875584169521062 1505.79507304526600819 0.504765875584169521062 1178.75256214042974534
0.635462587779443310865 1792.87362762003476746 0.635462587779443310865 1323.31484628933753811
0.799999999999997157829 2111.27613751253647933 0.799999999999997157829 1449.09713539463223242
1.007140329435330272645 2454.81816436511189750 1.007140329435330272645 1540.66363123568817173
1.267914553968893187630 2813.60571475014785392 1.267914553968893187630 1582.82526928618312922
1.596209851975103788391 3174.52279790714237606 1.596209851975103788391 1564.65360501295890572
2.009509145207687197399 3522.78028032518886903 2.009509145207687197399 1483.83334056006970059
2.529822128134711078928 3844.39437523289007004 2.529822128134711078928 1349.34261489455229821
3.184857364427983839050 4128.91904937378876639 3.184857364427983839050 1180.50249922738703390
4.009497869018190385759 4371.40752107757725753 4.009497869018190385759 1001.89320061524938410
5.009497869018190385759 4566.74484837983800389 5.009497869018190385759 840.62762018942260056
6.009497869018190385759 4701.15876068543002475 6.009497869018190385759 727.50837883070755652
7.009497869018204596614 4800.06453030996726739 7.009497869018204596614 648.81241985025769736
8.009497869018190385759 4876.77770840827179200 8.009497869018190385759 593.42511830602029477
9.009497869018204596614 4938.76335886622928228 9.009497869018204596614 554.60849915482708639
10.009497869018190385759 4990.45962340887854225 10.009497869018190385759 526.91587371373088899
11.009497869018190385759 5034.64885978892471030 11.009497869018190385759 504.45320959647006021
12.009497869018190385759 5073.15407617796881823 12.009497869018190385759 487.32547800918206349
13.009497869018190385759 5107.22121223403064505 13.009497869018190385759 473.98818906638319959
14.009497869018204596614 5137.73194764636718901 14.009497869018204596614 463.39535118032608807
15.009497869018190385759 5165.32999510659738007 15.009497869018190385759 454.82284021232896976
16.009497869018190385759 5190.49840397165644390 16.009497869018190385759 447.76370815724880003
17.009497869018190385759 5213.60862313813140645 17.009497869018190385759 441.99102089271457316
18.009497869018190385759 5234.95233946385542367 18.009497869018190385759 436.93689146936543466
19.009497869018204596614 5254.76205607571773726 19.009497869018204596614 432.75663372749045266
20.009497869018190385759 5273.22705985787342797 20.009497869018190385759 428.92247966503674661
21.009497869018204596614 5290.50373413185843674 21.009497869018204596614 425.54493601328795194
22.009497869018190385759 5306.72176880098686524 22.009497869018190385759 422.53786506283927338
23.009497869018190385759 5321.99093679946599877 23.009497869018190385759 419.88163238915200282
24.009497869018190385759 5336.40487254258277972 24.009497869018190385759 417.42049901458534578
25.009497869018190385759 5350.04350118543879944 25.009497869018190385759 415.17106378453502202
26.009497869018204596614 5362.97671384483146539 26.009497869018204596614 413.14593483790565642
27.009497869018190385759 5375.26468612695316551 27.009497869018190385759 411.21658961573859870
28.009497869018190385759 5386.96088739301922033 28.009497869018190385759 409.41735940051955822
29.009497869018190385759 5398.11189301969625376 29.009497869018190385759 407.74319687943477675
30.009497869018190385759 5408.75951174741476279 30.009497869018190385759 406.14949901311916847
31.009497869018190385759 5418.94064867244469497 31.009497869018190385759 404.64098844833455360
32.009497869018190385759 5428.68853224802296609 32.009497869018190385759 403.20530939061478648
33.009497869018190385759 5438.03299535816950083 33.009497869018190385759 401.84230660389357581
34.009497869018190385759 5447.00083271114635863 34.009497869018190385759 400.52500795964965619
35.009497869018190385759 5455.61653908324478834 35.009497869018190385759 399.25399271546268665
36.009497869018190385759 5463.90211139647090022 36.009497869018190385759 398.02984862360909801
37.009497869018190385759 5471.87771919945407717 37.009497869018190385759 396.84539991216098542
38.009497869018190385759 5479.56180605268309591 38.009497869018190385759 395.69624305769065131
39.009497869018190385759 5486.97115371473046253 39.009497869018190385759 394.57010154826673443
40.009497869018190385759 5494.12126563561378134 40.009497869018190385759 393.45880632915009301
41.009497869018190385759 5501.02641808912176202 41.009497869018190385759 392.40425237348983956
42.009497869018190385759 5507.69971585780422174 42.009497869018190385759 391.34900871464782313
43.009497869018190385759 5514.15331917332423473 43.009497869018190385759 390.33996782344570420
44.009497869018218807469 5520.39850860958449630 44.009497869018218807469 389.32364719753644522
46.009497869018190385759 5532.30465252112207963 46.009497869018190385759 387.35125345550346765
48.009497869018190385759 5543.49334481473215419 48.009497869018190385759 385.45335695860597980
50.009497869018190385759 5554.03001986795970879 50.009497869018190385759 383.57448323850167071
52.009497869018190385759 5563.97190346544812201 52.009497869018190385759 381.74882633324847347
54.009497869018190385759 5573.36950839654946321 54.009497869018190385759 379.98521304058471060
56.009497869018190385759 5582.26736017313032789 56.009497869018190385759 378.25698308973403527
58.009497869018218807469 5590.70527115502864035 58.009497869018218807469 376.48016938387286245
60.009497869018190385759 5598.71853451753577247 60.009497869018190385759 374.81908951460616208
62.009497869018190385759 5606.33905163125473337 62.009497869018190385759 373.18770173144929458
64.009497869018190385759 5613.59531603466348315 64.009497869018190385759 371.58432820443971423
66.009497869018190385759 5620.51315946340855589 66.009497869018190385759 369.98167481458682460
68.009497869018190385759 5627.11603975913749309 68.009497869018190385759 368.39053296182976283
70.009497869018190385759 5633.42497709011240659 70.009497869018190385759 366.87638865741621430
72.009497869018218807469 5639.45951527220495336 72.009497869018218807469 365.36469190006550889
74.009497869018190385759 5645.23723793690714956 74.009497869018190385759 363.89764901274719477
76.009497869018190385759 5650.77423324708706787 76.009497869018190385759 362.46124296584036983
78.009497869018190385759 5656.08549859032700624 78.009497869018190385759 361.04466616713449412
80.009497869018190385759 5661.18455753608668601 80.009497869018190385759 359.66785889555364975
82.009497869018218807469 5666.08391596162800852 82.009497869018218807469 358.32639366313264873
84.009497869018190385759 5670.79531159562156972 84.009497869018190385759 357.03058688473970506
86.009497869018190385759 5675.32934990092144290 86.009497869018190385759 355.73976456466829177
88.009497869018190385759 5679.69585838918919762 88.009497869018190385759 354.50105266955989691
91.009497869018218807469 5685.95179911367904424 91.009497869018218807469 352.68644362452636187
94.009497869018190385759 5691.87991149887238862 94.009497869018190385759 350.94338896550550544
97.009497869018190385759 5697.50567171391139709 97.009497869018190385759 349.25868468721523641
99.504748934509109403734 5701.97121041760783555 99.504748934509109403734 348.17806032029471908
nan nan nan nan

