Time Pressure difference Time.1 Pressure.1 difference.1
(hr) (psi) (hr) (psi)
0.000200000000006639311 0.67746818639213913 0.000200000000006639311 0.54005341261586559
0.000399999999999067768 1.35455268092312320 0.000399999999999067768 1.41360510957960228
0.000600000000005707079 2.03131199771201576 0.000600000000005707079 2.06824397624421552
0.000799999999998135536 2.70777416467942400 0.000799999999998135536 2.73469567155969884
0.001007140329434719206 3.40808775865347435 0.001007140329434719206 3.43431205160335118
0.001267914553963578328 4.28931682072678822 0.001267914553963578328 4.32128835847359305
0.001596209851982166583 5.39808846772943429 0.001596209851982166583 5.43674356046609120
0.002009509145210586212 6.79298838186677933 0.002009509145210586212 6.83921172304100367
0.002529822128138903281 8.54759633781405093 0.002529822128138903281 8.60205027410129119
0.003184857364445292660 10.75427518152813455 0.003184857364445292660 10.81710041069596961
0.004009497869020606231 13.52889093267651610 0.004009497869020606231 13.59920018077355586
0.005047658755842121536 17.01667837509227965 0.005047658755842121536 17.09172028655331133
0.006354625877804664924 21.39950775102609271 0.006354625877804664924 21.47330985685684013
0.008000000000009777068 26.90485258838850058 0.008000000000009777068 26.96604719473571166
0.010071403294347192059 33.81680319750429931 0.010071403294347192059 33.84517944562414016
0.012679145539692626699 42.48950920600996284 0.012679145539692626699 42.45059027141214614
0.015962098519750611558 53.36345760826138473 0.015962098519750611558 53.20003274083209277
0.020095091452091651263 66.98498360208164115 0.020095091452091651263 66.60397078593180709
0.025298221281346400247 84.02934363715621657 0.025298221281346400247 83.28153563699865458
0.031848573644282396344 105.32751327080575265 0.031848573644282396344 103.97655172437035276
0.040094978690191851456 131.89654686351522628 0.040094978690191851456 129.57172290702942519
0.050476587558421215363 164.97276666500445685 0.050476587558421215363 161.09777243426250948
0.063546258777947173257 206.04611918607528764 0.063546258777947173257 199.73245852876087270
0.079999999999998294697 256.89259718798138010 0.079999999999998294697 246.78180598262227363
0.100714032943542974863 319.59949809111969898 0.100714032943542974863 303.63251982050837796
0.126791455396897845276 396.57528861737915804 0.126791455396897845276 371.66044349938090363
0.159620985197506115583 490.53182787359895656 0.159620985197506115583 452.07547817680995195
0.200950914520774404082 604.42167084123423137 0.200950914520774404082 545.67965704058110532
0.252982212813464002465 741.30749957753346280 0.252982212813464002465 652.51455492389038682
0.318485736442795541734 904.13559240982874599 0.318485736442795541734 771.38224099084777663
0.400949786901819038576 1095.38351195822656337 0.400949786901819038576 899.25080450788038888
0.504765875584169521062 1316.55981681938396832 0.504765875584169521062 1030.61717033545642153
0.635462587779443310865 1567.56083016402612884 0.635462587779443310865 1157.01212124545713777
0.799999999999997157829 1845.94927597766331928 0.799999999999997157829 1266.98718390035514858
1.007140329435330272645 2146.31792244167672834 1.007140329435330272645 1347.04639723507011695
1.267914553968893187630 2460.01616735405013969 1.267914553968893187630 1383.90952652948772084
1.596209851975103788391 2775.57632384147609628 1.596209851975103788391 1368.02151931315643196
2.009509145207687197399 3080.06782834017576533 2.009509145207687197399 1297.35804427056564236
2.529822128134711078928 3361.26425503713471699 2.529822128134711078928 1179.76894578320707296
3.184857364427983839050 3610.03233747611648141 3.184857364427983839050 1032.14719051674865113
4.009497869018190385759 3822.04696257481009525 4.009497869018190385759 875.98395843266700922
5.009497869018190385759 3992.83598988312314759 5.009497869018190385759 734.98483655659504166
6.009497869018190385759 4110.35792824698182812 6.009497869018190385759 636.08143970805144818
7.009497869018204596614 4196.83407913245264353 7.009497869018204596614 567.27530586263128498
8.009497869018190385759 4263.90661078875746171 8.009497869018190385759 518.84859967894794863
9.009497869018204596614 4318.10244266069821606 9.009497869018204596614 484.91011633945134918
10.009497869018190385759 4363.30196933923434699 10.009497869018190385759 460.69765972392792719
11.009497869018190385759 4401.93788600234711339 11.009497869018190385759 441.05790828305754303
12.009497869018190385759 4435.60410097622661851 12.009497869018190385759 426.08264135281865492
13.009497869018190385759 4465.38997503598420735 13.009497869018190385759 414.42146713215458931
14.009497869018204596614 4492.06638601948634459 14.009497869018204596614 405.15984517807243037
15.009497869018190385759 4516.19615039395284839 15.009497869018190385759 397.66465298908246950
16.009497869018190385759 4538.20161206544344168 16.009497869018190385759 391.49265138560741661
17.009497869018190385759 4558.40753945696997107 17.009497869018190385759 386.44542535625100754
18.009497869018190385759 4577.06896275357485138 18.009497869018190385759 382.02645505484804289
19.009497869018204596614 4594.38916610701835452 19.009497869018204596614 378.37153582618390146
20.009497869018190385759 4610.53364846864587889 20.009497869018190385759 375.01922497028994030
21.009497869018204596614 4625.63914026136717439 21.009497869018204596614 372.06614169153215244
22.009497869018190385759 4639.81903308700657362 22.009497869018190385759 369.43697332024822799
23.009497869018190385759 4653.16930457010312239 23.009497869018190385759 367.11455291597184214
24.009497869018190385759 4665.77182196526518965 24.009497869018190385759 364.96271342413797356
25.009497869018190385759 4677.69646612776341499 25.009497869018190385759 362.99596769131204610
26.009497869018204596614 4689.00434486540507351 26.009497869018204596614 361.22533937492505629
27.009497869018190385759 4699.74807143645557517 27.009497869018190385759 359.53845751580149681
28.009497869018190385759 4709.97439563686020847 28.009497869018190385759 357.96533893880013011
29.009497869018190385759 4719.72403965417106519 29.009497869018190385759 356.50157063357670495
30.009497869018190385759 4729.03355806916806614 30.009497869018190385759 355.10815488365091142
31.009497869018190385759 4737.93521806591888890 31.009497869018190385759 353.78922083452664538
32.009497869018190385759 4746.45807223403880926 32.009497869018190385759 352.53396546075236984
33.009497869018190385759 4754.62820431960244605 33.009497869018190385759 351.34225303498323001
34.009497869018190385759 4762.46904170448215154 34.009497869018190385759 350.19050105172374288
35.009497869018190385759 4770.00200087407210958 35.009497869018190385759 349.07921597248838452
36.009497869018190385759 4777.24631436812887841 36.009497869018190385759 348.00891168594819192
37.009497869018190385759 4784.21961700145584473 37.009497869018190385759 346.97331420891413245
38.009497869018190385759 4790.93803450793166121 38.009497869018190385759 345.96857341456518498
39.009497869018190385759 4797.41623966035513149 39.009497869018190385759 344.98395559644376362
40.009497869018190385759 4803.66778756969961250 40.009497869018190385759 344.01231831571237763
41.009497869018190385759 4809.70516039156245824 41.009497869018190385759 343.09029154889447000
42.009497869018190385759 4815.53981601316081651 42.009497869018190385759 342.16766175480489665
43.009497869018190385759 4821.18238647377711459 43.009497869018190385759 341.28542836550468564
44.009497869018218807469 4826.64273470268653909 44.009497869018218807469 340.39683009537560565
46.009497869018190385759 4837.05261777894065744 46.009497869018190385759 338.67230968075176634
48.009497869018190385759 4846.83521232996008621 48.009497869018190385759 337.01292434404433607
50.009497869018190385759 4856.04772950861297431 50.009497869018190385759 335.37017116663844263
52.009497869018190385759 4864.74020345958706457 52.009497869018190385759 333.77394697665334888
54.009497869018190385759 4872.95679896325691516 54.009497869018190385759 332.23196929649412823
56.009497869018190385759 4880.73644595158748416 56.009497869018190385759 330.72092828683508969
58.009497869018218807469 4888.11395351255941932 58.009497869018218807469 329.16740910684478649
60.009497869018190385759 4895.12017948149696167 60.009497869018190385759 327.71507933930115541
62.009497869018190385759 4901.78301614161227917 62.009497869018190385759 326.28871021417802467
64.009497869018190385759 4908.12737621075848438 64.009497869018190385759 324.88683475662077171
66.009497869018190385759 4914.17584511623499566 66.009497869018190385759 323.48558893563233596
68.009497869018190385759 4919.94893272173703735 68.009497869018190385759 322.09440798166428976
70.009497869018190385759 4925.46501756321322318 70.009497869018190385759 320.77054819241334371
72.009497869018218807469 4930.74118735937190650 72.009497869018218807469 319.44882836375222723
74.009497869018190385759 4935.79281598350371496 74.009497869018190385759 318.16615069428166862
76.009497869018190385759 4940.63396977779666486 76.009497869018190385759 316.91025969301188070
78.009497869018190385759 4945.27776138831995922 78.009497869018190385759 315.67170597212401617
80.009497869018190385759 4949.73601485969265923 80.009497869018190385759 314.46792388934551354
82.009497869018218807469 4954.01966443905985216 82.009497869018218807469 313.29504236497314196
84.009497869018190385759 4958.13897275922226981 84.009497869018190385759 312.16208133638895106
86.009497869018190385759 4962.10321248050604481 86.009497869018190385759 311.03347836266380000
88.009497869018190385759 4965.92097607819596305 88.009497869018190385759 309.95043702795032914
91.009497869018218807469 4971.39072446673981176 91.009497869018218807469 308.36387229899514750
94.009497869018190385759 4976.57384313650072727 94.009497869018190385759 306.83986962182757452
97.009497869018190385759 4981.49260663278619177 97.009497869018190385759 305.36688435595402780
99.504748934509109403734 4985.39695518789812922 99.504748934509109403734 304.42206348090212487
nan nan nan nan

