Time Pressure difference Time.1 Pressure.1 difference.1
(hr) (psi) (hr) (psi)
0.000200000000006639311 0.78649562179431387 0.000200000000006639311 0.62696618540785376
0.000399999999999067768 1.57254580279158662 0.000399999999999067768 1.64110175497877653
0.000600000000005707079 2.35821847400227913 0.000600000000005707079 2.40109405104518903
0.000799999999998135536 3.14354617398286962 0.000799999999998135536 3.17480025752323813
0.001007140329434719206 3.95656379843677319 0.001007140329434719206 3.98700846285647037
0.001267914553963578328 4.97961227959068164 0.001267914553963578328 5.01672911395275900
0.001596209851982166583 6.26682260688490800 0.001596209851982166583 6.31169860520940595
0.002009509145210586212 7.88620887084042543 0.002009509145210586212 7.93987110353040304
0.002529822128138903281 9.92319230864162094 0.002529822128138903281 9.98640971624781493
0.003184857364445292660 12.48500005717946770 0.003184857364445292660 12.55793598047627668
0.004009497869020606231 15.70614487884435917 0.004009497869020606231 15.78776925163514555
0.005047658755842121536 19.75523472292653793 0.005047658755842121536 19.84235340392245561
0.006354625877804664924 24.84340887557697641 0.006354625877804664924 24.92908822448367800
0.008000000000009777068 31.23474901231834266 0.008000000000009777068 31.30579189069440815
0.010071403294347192059 39.25906513715180068 0.010071403294347192059 39.29200807876512158
0.012679145539692626699 49.32750147380762940 0.012679145539692626699 49.28231917258535333
0.015962098519750611558 61.95143420123710598 0.015962098519750611558 61.76170877160482320
0.020095091452091651263 77.76512224074589597 0.020095091452091651263 77.32279163723042359
0.025298221281346400247 97.55249353453640992 0.025298221281346400247 96.68433805523800117
0.031848573644282396344 122.27825557851529936 0.031848573644282396344 120.70987884463143303
0.040094978690191851456 153.12314101476891892 0.040094978690191851456 150.42417462793954996
0.050476587558421215363 191.52243795875824617 0.050476587558421215363 187.02382672036617350
0.063546258777947173257 239.20587546786379107 0.063546258777947173257 231.87613428707498997
0.079999999999998294697 298.23526332019952179 0.079999999999998294697 286.49730547122607049
0.100714032943542974863 371.03381535148417925 0.100714032943542974863 352.49721281373518877
0.126791455396897845276 460.39760165039723461 0.126791455396897845276 431.47311929596429536
0.159620985197506115583 569.47491073777769088 0.159620985197506115583 524.82963989813936223
0.200950914520774404082 701.69346307735418122 0.200950914520774404082 633.49788194514644601
0.252982212813464002465 860.60882936212419736 0.252982212813464002465 757.52611106029053190
0.318485736442795541734 1049.64144327676694957 0.318485736442795541734 895.52360901271640614
0.400949786901819038576 1271.66759066403460565 0.400949786901819038576 1043.97052857487346955
0.504765875584169521062 1528.43860797827733222 0.504765875584169521062 1196.47816457863177675
0.635462587779443310865 1819.83413329853146934 0.635462587779443310865 1343.21431766210935166
0.799999999999997157829 2143.02465085858921157 0.799999999999997157829 1470.88806976146884153
1.007140329435330272645 2491.73272322774528220 1.007140329435330272645 1563.83150538960831000
1.267914553968893187630 2855.91557512233066518 1.267914553968893187630 1606.62715303484765172
1.596209851975103788391 3222.25998283807666667 1.596209851975103788391 1588.18223065225151913
2.009509145207687197399 3575.75441987895101192 2.009509145207687197399 1506.14662387676253275
2.529822128134711078928 3902.20481696571550856 2.529822128134711078928 1369.63348128394432024
3.184857364427983839050 4191.00805763504922652 3.184857364427983839050 1198.25441650900165769
4.009497869018190385759 4437.14297252235337510 4.009497869018190385759 1016.95926378239596488
5.009497869018190385759 4635.41770324269236880 5.009497869018190385759 853.26863703437629738
6.009497869018190385759 4771.85287738746683317 6.009497869018190385759 738.44835445222190629
7.009497869018204596614 4872.24595181838776625 7.009497869018204596614 658.56899759236694081
8.009497869018190385759 4950.11271154223049962 8.009497869018190385759 602.34880429558450032
9.009497869018204596614 5013.03047704466825962 9.009497869018204596614 562.94847658572678029
10.009497869018190385759 5065.50412902404968918 10.009497869018190385759 534.83942068686974380
11.009497869018190385759 5110.35786519928478810 11.009497869018190385759 512.03897214679284389
12.009497869018190385759 5149.44210739869049576 12.009497869018190385759 494.65368068601185314
13.009497869018190385759 5184.02153121499395638 13.009497869018190385759 481.11583100723106554
14.009497869018204596614 5214.99107467864268983 14.009497869018204596614 470.36370232589496254
15.009497869018190385759 5243.00413037135785999 15.009497869018190385759 461.66228141852946010
16.009497869018190385759 5268.55101155017746350 16.009497869018190385759 454.49699700171868244
17.009497869018190385759 5292.00875280938089418 17.009497869018190385759 448.63750240989827489
18.009497869018190385759 5313.67342727534105506 18.009497869018190385759 443.50737104033333935
19.009497869018204596614 5333.78103436257060821 19.009497869018204596614 439.26425227978353405
20.009497869018190385759 5352.52370737453293259 20.009497869018190385759 435.37244176526286310
21.009497869018204596614 5370.06018126166145521 21.009497869018204596614 431.94410798341260715
22.009497869018190385759 5386.52209615137780929 22.009497869018190385759 428.89181792092705336
23.009497869018190385759 5402.02087569870673178 23.009497869018190385759 426.19564189876336968
24.009497869018190385759 5416.65156235525228112 24.009497869018190385759 423.69749899976704910
25.009497869018190385759 5430.49528315815223323 25.009497869018190385759 421.41423767603180295
26.009497869018204596614 5443.62298021843798779 26.009497869018204596614 419.35865566253585257
27.009497869018190385759 5456.09573403863669228 27.009497869018190385759 417.40029773026094517
28.009497869018190385759 5467.96781803050816961 28.009497869018190385759 415.57401142157999629
29.009497869018190385759 5479.28650795232260862 29.009497869018190385759 413.87467352423828970
30.009497869018190385759 5490.09424124737506645 30.009497869018190385759 412.25701027647431829
31.009497869018190385759 5500.42847797578997415 31.009497869018190385759 410.72581534229448152
32.009497869018190385759 5510.32294626679049543 32.009497869018190385759 409.26854712581200602
33.009497869018190385759 5519.80792761919474287 33.009497869018190385759 407.88504805658374153
34.009497869018190385759 5528.91061966920824489 34.009497869018190385759 406.54794041017072459
35.009497869018190385759 5537.65588553562429297 35.009497869018190385759 405.25781215479298680
36.009497869018190385759 5546.06605292123003892 36.009497869018190385759 404.01525988110699927
37.009497869018190385759 5554.16159467613761080 37.009497869018190385759 402.81299991084011936
38.009497869018190385759 5561.96123170761075016 38.009497869018190385759 401.64656250216717126
39.009497869018190385759 5569.48199813149312831 39.009497869018190385759 400.50348653395496967
40.009497869018190385759 5576.73963053239003784 40.009497869018190385759 399.37548010853583946
41.009497869018190385759 5583.74861986489759147 41.009497869018190385759 398.30506819865513535
42.009497869018190385759 5590.52226797596722463 42.009497869018190385759 397.23395621411623324
43.009497869018190385759 5597.07291795788478339 43.009497869018190385759 396.20974177567796914
44.009497869018218807469 5603.41202001724741422 44.009497869018218807469 395.17813813283771651
46.009497869018190385759 5615.49720368685302674 46.009497869018190385759 393.17608433453364114
48.009497869018190385759 5626.85414699239663605 48.009497869018190385759 391.24964804069026059
50.009497869018190385759 5637.54926828702718922 50.009497869018190385759 389.34252058043404077
52.009497869018190385759 5647.64065389349980251 52.009497869018190385759 387.48941018788377733
54.009497869018190385759 5657.17957619198659813 54.009497869018190385759 385.69927639457847590
56.009497869018190385759 5666.21123025092128955 56.009497869018190385759 383.94505802341416256
58.009497869018218807469 5674.77602711224699306 58.009497869018218807469 382.14152531445739669
60.009497869018190385759 5682.90979067569514882 60.009497869018190385759 380.45546680054007993
62.009497869018190385759 5690.64490203172499605 62.009497869018190385759 378.79954687026810234
64.009497869018190385759 5698.01028319307897618 64.009497869018190385759 377.17206246315311091
66.009497869018190385759 5705.03215434255798755 66.009497869018190385759 375.54530902232500011
68.009497869018190385759 5711.73432607130416727 68.009497869018190385759 373.93024022441363741
70.009497869018190385759 5718.13813464033955825 70.009497869018190385759 372.39332683271572932
72.009497869018218807469 5724.26341775750188390 72.009497869018218807469 370.85889779329954763
74.009497869018190385759 5730.12802346979242429 74.009497869018190385759 369.36979411068324453
76.009497869018190385759 5735.74828186734430346 76.009497869018190385759 367.91178797284544544
78.009497869018190385759 5741.13941586236160219 78.009497869018190385759 366.47390926739217321
80.009497869018190385759 5746.31515238625343045 80.009497869018190385759 365.07639812706571547
82.009497869018218807469 5751.28818537458482751 82.009497869018218807469 363.71476048513466139
84.009497869018190385759 5756.07042906322567433 84.009497869018190385759 362.39946789052527265
86.009497869018190385759 5760.67264839567269519 86.009497869018190385759 361.08923470849788373
88.009497869018190385759 5765.10481866571808496 88.009497869018190385759 359.83189556684646959
91.009497869018218807469 5771.45483368681743741 91.009497869018218807469 357.98999916775233032
94.009497869018190385759 5777.47209061915600614 94.009497869018190385759 356.22073316047550406
97.009497869018190385759 5783.18244873216644919 97.009497869018190385759 354.51069498326359053
99.504748934509109403734 5787.71513839381259459 99.504748934509109403734 353.41382062586302482
nan nan nan nan

