Time Pressure difference Time.1 Pressure.1 difference.1
(hr) (psi) (hr) (psi)
0.000200000000006639311 0.51018181604223745 0.000200000000006639311 0.40669870016403631
0.000399999999999067768 1.02007468477380159 0.000399999999999067768 1.06454537121903692
0.000600000000005707079 1.52972267149565821 0.000600000000005707079 1.55753508284730247
0.000799999999998135536 2.03914688322909976 0.000799999999998135536 2.05942069614999435
0.001007140329434719206 2.56653291898597047 0.001007140329434719206 2.58628168013864190
0.001267914553963578328 3.23016119300432569 0.001267914553963578328 3.25423803899792752
0.001596209851982166583 4.06514524658248533 0.001596209851982166583 4.09425528570726538
0.002009509145210586212 5.11560427283087904 0.002009509145210586212 5.15041374229009197
0.002529822128138903281 6.43694908486488160 0.002529822128138903281 6.47795677889937593
0.003184857364445292660 8.09873548682647026 0.003184857364445292660 8.14604736088037917
0.004009497869020606231 10.18821884733501726 0.004009497869020606231 10.24116672090195124
0.005047658755842121536 12.81477130704123724 0.005047658755842121536 12.87128321333805836
0.006354625877804664924 16.11535411717321153 0.006354625877804664924 16.17093236149046831
0.008000000000009777068 20.26127105243507387 0.008000000000009777068 20.30735495131817103
0.010071403294347192059 25.46646235880852061 0.010071403294347192059 25.48783169553758654
0.012679145539692626699 31.99762794015246214 0.012679145539692626699 31.96831920930669213
0.015962098519750611558 40.18648588926809140 0.015962098519750611558 40.06341531957011171
0.020095091452091651263 50.44446553817696355 0.020095091452091651263 50.15753573928280673
0.025298221281346400247 63.28008310758816890 0.025298221281346400247 62.71693039985279938
0.031848573644282396344 79.31912240172472650 0.031848573644282396344 78.30175209709953776
0.040094978690191851456 99.32749782227867286 0.040094978690191851456 97.57673973219782226
0.050476587558421215363 124.23624811504635090 0.050476587558421215363 121.31810135405763162
0.063546258777947173257 155.16740916592644339 0.063546258777947173257 150.41277282325603437
0.079999999999998294697 193.45843006908179973 0.079999999999998294697 185.84428386652018617
0.100714032943542974863 240.68119450842306151 0.100714032943542974863 228.65692217441232970
0.126791455396897845276 298.64944953618356749 0.126791455396897845276 279.88679590309641299
0.159620985197506115583 369.40541828810341940 0.159620985197506115583 340.44504683339619078
0.200950914520774404082 455.17258504382874662 0.200950914520774404082 410.93566310304208855
0.252982212813464002465 558.25736761797054442 0.252982212813464002465 491.38995352376520032
0.318485736442795541734 680.87852352238951426 0.318485736442795541734 580.90579081988914822
0.400949786901819038576 824.90183394397161010 0.400949786901819038576 677.19993017608180708
0.504765875584169521062 991.46335099543273373 0.504765875584169521062 776.12816390127113664
0.635462587779443310865 1180.48499863703682422 0.635462587779443310865 871.31256796494506034
0.799999999999997157829 1390.13133436647126473 0.799999999999997157829 954.13162620505852374
1.007140329435330272645 1616.33032734244216044 1.007140329435330272645 1014.42191831093123255
1.267914553968893187630 1852.56745772485578527 1.267914553968893187630 1042.18248128080585957
1.596209851975103788391 2090.20674019020225387 1.596209851975103788391 1030.21767977759805035
2.009509145207687197399 2319.51053903258934952 2.009509145207687197399 977.00304808090527331
2.529822128134711078928 2531.27148444442718755 2.529822128134711078928 888.45007833551085241
3.184857364427983839050 2718.61157601088370939 3.184857364427983839050 777.28037811642127508
4.009497869018190385759 2878.27369540338895604 4.009497869018190385759 659.67833724720503596
5.009497869018190385759 3006.89000220928073759 5.009497869018190385759 553.49595185404518816
6.009497869018190385759 3095.39239559631414522 6.009497869018190385759 479.01464685630907070
7.009497869018204596614 3160.51509890441411699 7.009497869018204596614 427.19872542235009405
8.009497869018190385759 3211.02549436548952144 8.009497869018190385759 390.72996511449025547
9.009497869018204596614 3251.83881738453055732 9.009497869018204596614 365.17186893867773279
10.009497869018190385759 3285.87728157856372491 10.009497869018190385759 346.93816389529223443
11.009497869018190385759 3314.97287975360995915 11.009497869018190385759 332.14803166770798271
12.009497869018190385759 3340.32593845015571787 12.009497869018190385759 320.87058863547645160
13.009497869018190385759 3362.75682395215972065 13.009497869018190385759 312.08889355283878331
14.009497869018204596614 3382.84606219895022150 14.009497869018204596614 305.11423230240586690
15.009497869018190385759 3401.01749409274316349 15.009497869018190385759 299.46981852863336826
16.009497869018190385759 3417.58917468810432183 16.009497869018190385759 294.82186154714662507
17.009497869018190385759 3432.80567774830751659 17.009497869018190385759 291.02094071668534525
18.009497869018190385759 3446.85905917437503376 18.009497869018190385759 287.69314121452310928
19.009497869018204596614 3459.90240641720220083 19.009497869018204596614 284.94072661111886191
20.009497869018190385759 3472.06035197945857362 20.009497869018190385759 282.41619767418637821
21.009497869018204596614 3483.43586361206143920 21.009497869018204596614 280.19231554902853532
22.009497869018190385759 3494.11433327068198196 22.009497869018190385759 278.21236442913044584
23.009497869018190385759 3504.16803894529857644 23.009497869018190385759 276.46341638512376448
24.009497869018190385759 3513.65863251192558891 24.009497869018190385759 274.84292792260021088
25.009497869018190385759 3522.63873923380697306 25.009497869018190385759 273.36182824910844147
26.009497869018204596614 3531.15437764434136625 26.009497869018204596614 272.02841896416344980
27.009497869018190385759 3539.24516927585682424 27.009497869018190385759 270.75807672873014553
28.009497869018190385759 3546.94632005576886513 28.009497869018190385759 269.57340635071801671
29.009497869018190385759 3554.28849669288274526 29.009497869018190385759 268.47108451889744174
30.009497869018190385759 3561.29922739115500008 30.009497869018190385759 267.42174317405158490
31.009497869018190385759 3568.00281163932186246 31.009497869018190385759 266.42849185695928327
32.009497869018190385759 3574.42112810745220486 32.009497869018190385759 265.48319511970663598
33.009497869018190385759 3580.57381971488530326 33.009497869018190385759 264.58575074993206044
34.009497869018190385759 3586.47852894944435320 34.009497869018190385759 263.71839944067158967
35.009497869018190385759 3592.15138395062149357 35.009497869018190385759 262.88152259353239515
36.009497869018190385759 3597.60686819123202440 36.009497869018190385759 262.07550720330010563
37.009497869018190385759 3602.85826194335731998 37.009497869018190385759 261.29562851359253273
38.009497869018190385759 3607.91770903361430101 38.009497869018190385759 260.53898710458042842
39.009497869018190385759 3612.79625910540244149 39.009497869018190385759 259.79749973049138134
40.009497869018190385759 3617.50412012312744992 40.009497869018190385759 259.06578762596024035
41.009497869018190385759 3622.05069203934635880 41.009497869018190385759 258.37143577330749622
42.009497869018190385759 3626.44460345954257718 42.009497869018190385759 257.67662979815162316
43.009497869018190385759 3630.69386106686079074 43.009497869018190385759 257.01224519416996372
44.009497869018218807469 3634.80589234981243862 44.009497869018218807469 256.34306738140691095
46.009497869018190385759 3642.64527604237127889 46.009497869018190385759 255.04438063181916618
48.009497869018190385759 3650.01226677919567010 48.009497869018190385759 253.79474523697686550
50.009497869018190385759 3656.94994863486499526 50.009497869018190385759 252.55763504318099422
52.009497869018190385759 3663.49600088541319565 52.009497869018190385759 251.35556449224634434
54.009497869018190385759 3669.68368275734155759 54.009497869018190385759 250.19434542844084035
56.009497869018190385759 3675.54231126329614199 56.009497869018190385759 249.05642388185492564
58.009497869018218807469 3681.09810012678053681 58.009497869018218807469 247.88651324630939143
60.009497869018190385759 3686.37428749650825921 60.009497869018190385759 246.79280544839264167
62.009497869018190385759 3691.39187824915052261 62.009497869018190385759 245.71864786399405034
64.009497869018190385759 3696.16963343635734418 64.009497869018190385759 244.66293575652153436
66.009497869018190385759 3700.72456149416711924 66.009497869018190385759 243.60769781024890790
68.009497869018190385759 3705.07210781133289856 68.009497869018190385759 242.56003942599531342
70.009497869018190385759 3709.22611273495022033 70.009497869018190385759 241.56307867561346825
72.009497869018218807469 3713.19944453476000490 72.009497869018218807469 240.56772946803457103
74.009497869018190385759 3717.00368083278590348 74.009497869018190385759 239.60178178819981554
76.009497869018190385759 3720.64941458696466725 76.009497869018190385759 238.65600637815265372
78.009497869018190385759 3724.14652055410306275 78.009497869018190385759 237.72328717556760580
80.009497869018190385759 3727.50390308229998482 80.009497869018190385759 236.81675349406486930
82.009497869018218807469 3730.72979643875169131 82.009497869018218807469 235.93349013480164444
84.009497869018190385759 3733.83192911720334450 84.009497869018190385759 235.08028975332484833
86.009497869018190385759 3736.81728409158449722 86.009497869018190385759 234.23037129768169962
88.009497869018190385759 3739.69233210802713074 88.009497869018190385759 233.41476400262106949
91.009497869018218807469 3743.81144238097294874 91.009497869018218807469 232.21996771410812244
94.009497869018190385759 3747.71470005242599655 94.009497869018190385759 231.07228510832962343
97.009497869018190385759 3751.41887944213567607 97.009497869018190385759 229.96302224840275130
99.504748934509109403734 3754.35913210095986869 99.504748934509109403734 229.25150480809952569
nan nan nan nan

