Time Pressure difference Time.1 Pressure.1 difference.1
(hr) (psi) (hr) (psi)
0.000200000000006639311 0.30461100272668667 0.000200000000006639311 0.24282499879288302
0.000399999999999067768 0.60904948552563032 0.000399999999999067768 0.63560131462670066
0.000600000000005707079 0.91334175818500962 0.000600000000005707079 0.92994753723020029
0.000799999999998135536 1.21750042293939709 0.000799999999998135536 1.22960517910423817
0.001007140329434719206 1.53238343939455990 0.001007140329434719206 1.54417470624917263
0.001267914553963578328 1.92861174003194646 0.001267914553963578328 1.94298714889598911
0.001596209851982166583 2.42715034298399601 0.001596209851982166583 2.44453088836681731
0.002009509145210586212 3.05434121346835541 0.002009509145210586212 3.07512468136733075
0.002529822128138903281 3.84326813223580199 0.002529822128138903281 3.86775233454677281
0.003184857364445292660 4.83546033960601651 0.003184857364445292660 4.86370853847017770
0.004009497869020606231 6.08301484196511666 0.004009497869020606231 6.11462809110948591
0.005047658755842121536 7.65123376570488123 0.005047658755842121536 7.68497496913821987
0.006354625877804664924 9.62189169149330503 0.006354625877804664924 9.65507543932383605
0.008000000000009777068 12.09726787143758031 0.008000000000009777068 12.12478289099910356
0.010071403294347192059 15.20509824359529993 0.010071403294347192059 15.21785709717252288
0.012679145539692626699 19.10461961842708334 0.012679145539692626699 19.08712044144575870
0.015962098519750611558 23.99388880174897665 0.015962098519750611558 23.92040784170091428
0.020095091452091651263 30.11855528054285003 0.020095091452091651263 29.94723993568924314
0.025298221281346400247 37.78223559115377839 0.025298221281346400247 37.44599759599694266
0.031848573644282396344 47.35856247802814067 0.031848573644282396344 46.75112767950804482
0.040094978690191851456 59.30483556762478514 0.040094978690191851456 58.25952160193214269
0.050476587558421215363 74.17694422529683607 0.050476587558421215363 72.43462495201482909
0.063546258777947173257 92.64481526056947303 0.063546258777947173257 89.80599486674014997
0.079999999999998294697 115.50699087322014691 0.079999999999998294697 110.96086116663360599
0.100714032943542974863 143.70198562819388144 0.100714032943542974863 136.52273004214504226
0.126791455396897845276 178.31272190904275021 0.126791455396897845276 167.11022398129409794
0.159620985197506115583 220.55853685717104895 0.159620985197506115583 203.26735259546981638
0.200950914520774404082 271.76699204900705809 0.200950914520774404082 245.35473522954873715
0.252982212813464002465 333.31516565771164551 0.252982212813464002465 293.39106523604903032
0.318485736442795541734 406.52779707862077885 0.318485736442795541734 346.83771523667115844
0.400949786901819038576 492.51887638416576465 0.400949786901819038576 404.33144281312553403
0.504765875584169521062 591.96669896301534664 0.504765875584169521062 463.39789231299386074
0.635462587779443310865 704.82464845212962246 0.635462587779443310865 520.22903731675353356
0.799999999999997157829 829.99684890396156334 0.799999999999997157829 569.67728416158468008
1.007140329435330272645 965.05203883741239679 1.007140329435330272645 605.67442430962614708
1.267914553968893187630 1106.10063544420427206 1.267914553968893187630 622.24924657222663882
1.596209851975103788391 1247.98640605157265782 1.596209851975103788391 615.10549885579268903
2.009509145207687197399 1384.89536261978423681 2.009509145207687197399 583.33297813639694596
2.529822128134711078928 1511.33011958672159381 2.529822128134711078928 530.46122132267043980
3.184857364427983839050 1623.18407311579676389 3.184857364427983839050 464.08583750507369814
4.009497869018190385759 1718.51251634199070395 4.009497869018190385759 393.86993708397557157
5.009497869018190385759 1795.30463427177278390 5.009497869018190385759 330.47229751807594766
6.009497869018190385759 1848.14619378181237153 6.009497869018190385759 286.00221981959072082
7.009497869018204596614 1887.02859086299463343 7.009497869018204596614 255.06481811513890534
8.009497869018190385759 1917.18651050207040498 8.009497869018190385759 233.29064801289302977
9.009497869018204596614 1941.55466095063343346 9.009497869018204596614 218.03083855066239494
10.009497869018190385759 1961.87778965375923690 10.009497869018190385759 207.14415658348605120
11.009497869018190385759 1979.24971287083394600 11.009497869018190385759 198.31350667272610622
12.009497869018190385759 1994.38710191314339681 12.009497869018190385759 191.58015569426490288
13.009497869018190385759 2007.77976764517188712 13.009497869018190385759 186.33692502502282196
14.009497869018204596614 2019.77432098664871774 14.009497869018204596614 182.17260851987040837
15.009497869018190385759 2030.62382192160521299 15.009497869018190385759 178.80253439066854071
16.009497869018190385759 2040.51816955276740373 16.009497869018190385759 176.02740836257041224
17.009497869018190385759 2049.60338997696635488 17.009497869018190385759 173.75801680637329127
18.009497869018190385759 2057.99415278600554302 18.009497869018190385759 171.77110878387514958
19.009497869018204596614 2065.78186092772557458 19.009497869018204596614 170.12774215280504109
20.009497869018190385759 2073.04092793553309093 20.009497869018190385759 168.62043776305421261
21.009497869018204596614 2079.83283210769059224 21.009497869018204596614 167.29263864754392444
22.009497869018190385759 2086.20855787450182106 22.009497869018190385759 166.11048186143841576
23.009497869018190385759 2092.21125979441967502 23.009497869018190385759 165.06624860840992142
24.009497869018190385759 2097.87774795981204079 24.009497869018190385759 164.09871389832247246
25.009497869018190385759 2103.23944300093489801 25.009497869018190385759 163.21440316341548282
26.009497869018204596614 2108.32382090999817592 26.009497869018204596614 162.41827298675991642
27.009497869018190385759 2113.15453826258317349 27.009497869018190385759 161.65979785108521583
28.009497869018190385759 2117.75261523721292178 28.009497869018190385759 160.95247426486588438
29.009497869018190385759 2122.13636181010633663 29.009497869018190385759 160.29431799986375040
30.009497869018190385759 2126.32221407041242855 30.009497869018190385759 159.66779445628526446
31.009497869018190385759 2130.32468035887723090 31.009497869018190385759 159.07476022780929270
32.009497869018190385759 2134.15682363348696526 32.009497869018190385759 158.51035793444148680
33.009497869018190385759 2137.83037196679924818 33.009497869018190385759 157.97452654889909240
34.009497869018190385759 2141.35585904648723954 34.009497869018190385759 157.45666263505023608
35.009497869018190385759 2144.74291439792386882 35.009497869018190385759 156.95699391391983113
36.009497869018190385759 2148.00018557584144219 36.009497869018190385759 156.47575144601603370
37.009497869018190385759 2151.13560174758367793 37.009497869018190385759 156.01011425118252873
38.009497869018190385759 2154.15641355024945369 38.009497869018190385759 155.55835119131552347
39.009497869018190385759 2157.06921832394345984 39.009497869018190385759 155.11563605442063363
40.009497869018190385759 2159.88011087286213296 40.009497869018190385759 154.67875737536942893
41.009497869018190385759 2162.59470356672227354 41.009497869018190385759 154.26418514360611312
42.009497869018190385759 2165.21814823196154975 42.009497869018190385759 153.84934177181645509
43.009497869018190385759 2167.75522536781591043 43.009497869018190385759 153.45266189407212210
44.009497869018218807469 2170.21036965747362046 44.009497869018218807469 153.05312016573398637
46.009497869018190385759 2174.89098047554352888 46.009497869018190385759 152.27772155178763569
48.009497869018190385759 2179.28954264467438406 48.009497869018190385759 151.53160971734672557
50.009497869018190385759 2183.43178009846769783 50.009497869018190385759 150.79297622480302721
52.009497869018190385759 2187.34018976192692207 52.009497869018190385759 150.07526362832322775
54.009497869018190385759 2191.03462950927723796 54.009497869018190385759 149.38194196869389430
56.009497869018190385759 2194.53260346226170441 56.009497869018190385759 148.70253040906834485
58.009497869018218807469 2197.84976288156894952 58.009497869018218807469 148.00401932813906569
60.009497869018190385759 2200.99998242042738639 60.009497869018190385759 147.35100618941552852
62.009497869018190385759 2203.99580332657251347 62.009497869018190385759 146.70966577197683023
64.009497869018190385759 2206.84842714144679121 64.009497869018190385759 146.07933847779264624
66.009497869018190385759 2209.56800898346682516 66.009497869018190385759 145.44929428801157201
68.009497869018190385759 2212.16377073237799777 68.009497869018190385759 144.82377557897925158
70.009497869018190385759 2214.64397595594118684 70.009497869018190385759 144.22852658282957350
72.009497869018218807469 2217.01630782988968349 72.009497869018218807469 143.63423978026207806
74.009497869018190385759 2219.28767893115764309 74.009497869018190385759 143.05750756032810500
76.009497869018190385759 2221.46441392957467542 76.009497869018190385759 142.49281946884806871
78.009497869018190385759 2223.55240868320061054 78.009497869018190385759 141.93592676387885376
80.009497869018190385759 2225.55697965435865626 80.009497869018190385759 141.39466848095878504
82.009497869018218807469 2227.48304322444209902 82.009497869018218807469 140.86730406090930501
84.009497869018190385759 2229.33521379591547884 84.009497869018190385759 140.35788915125104381
86.009497869018190385759 2231.11766064848279711 86.009497869018190385759 139.85043376011662986
88.009497869018190385759 2232.83424722926201866 88.009497869018190385759 139.36346431477866759
91.009497869018218807469 2235.29361812632305373 91.009497869018218807469 138.65009491576438450
94.009497869018190385759 2237.62411128741905486 94.009497869018190385759 137.96485538278733429
97.009497869018190385759 2239.83574204864862622 97.009497869018190385759 137.30255488240686645
99.504748934509109403734 2241.59125994934947812 99.504748934509109403734 136.87773370271520434
nan nan nan nan

