Time Pressure difference Time.1 Pressure.1 difference.1
(hr) (psi) (hr) (psi)
0.000200000000006639311 0.76652112981223608 0.000200000000006639311 0.61104323466733679
0.000399999999999067768 1.53260813160957809 0.000399999999999067768 1.59942298024915686
0.000600000000005707079 2.29832721117047534 0.000600000000005707079 2.34011388466943826
0.000799999999998135536 3.06371008067536810 0.000799999999998135536 3.09417040971312396
0.001007140329434719206 3.85607963847647373 0.001007140329434719206 3.88575110506963961
0.001267914553963578328 4.85314593598202926 0.001267914553963578328 4.88932012058253029
0.001596209851982166583 6.10766520734497398 0.001596209851982166583 6.15140149777551670
0.002009509145210586212 7.68592420110479679 0.002009509145210586212 7.73822358344074246
0.002529822128138903281 9.67117472619992924 0.002529822128138903281 9.73278661234310860
0.003184857364445292660 12.16792069064792692 0.003184857364445292660 12.23900427303560967
0.004009497869020606231 15.30725865969910338 0.004009497869020606231 15.38681003254600022
0.005047658755842121536 19.25351447599507182 0.005047658755842121536 19.33842061906093335
0.006354625877804664924 24.21246515810200606 0.006354625877804664924 24.29596852354440983
0.008000000000009777068 30.44148554533883200 0.008000000000009777068 30.51072416013708732
0.010071403294347192059 38.26200951462095645 0.010071403294347192059 38.29411581009807009
0.012679145539692626699 48.07473953161569113 0.012679145539692626699 48.03070471740858949
0.015962098519750611558 60.37806444374537307 0.015962098519750611558 60.19315743772279603
0.020095091452091651263 75.79013500923488778 0.020095091452091651263 75.35903819882457810
0.025298221281346400247 95.07496988921484160 0.025298221281346400247 94.22886280304147988
0.031848573644282396344 119.17277607175934406 0.031848573644282396344 117.64423112794237625
0.040094978690191851456 149.23429933820332849 0.040094978690191851456 146.60387812945216979
0.050476587558421215363 186.65837604234533842 0.050476587558421215363 182.27401524810289857
0.063546258777947173257 233.13080561471170427 0.063546258777947173257 225.98721659089528657
0.079999999999998294697 290.66103441048016975 0.079999999999998294697 279.22118342751241471
0.100714032943542974863 361.61073432668456462 0.100714032943542974863 343.54490264703713365
0.126791455396897845276 448.70496414816494735 0.126791455396897845276 420.51507182178107769
0.159620985197506115583 555.01205586189769292 0.159620985197506115583 511.50063317056759615
0.200950914520774404082 683.87267671348490694 0.200950914520774404082 617.40904684812687719
0.252982212813464002465 838.75209718784799406 0.252982212813464002465 738.28735268415618975
0.318485736442795541734 1022.98388281259497035 0.318485736442795541734 872.78015227588548441
0.400949786901819038576 1239.37127090113858685 0.400949786901819038576 1017.45699134122594387
0.504765875584169521062 1489.62111952168629614 0.504765875584169521062 1166.09141754171400862
0.635462587779443310865 1773.61612356396562973 0.635462587779443310865 1309.10093816592871008
0.799999999999997157829 2088.59862797964115089 0.799999999999997157829 1433.53218227546312846
1.007140329435330272645 2428.45062232037389549 1.007140329435330272645 1524.11514969717404711
1.267914553968893187630 2783.38438591287467716 1.267914553968893187630 1565.82392375142285346
1.596209851975103788391 3140.42480867076073991 1.596209851975103788391 1547.84744384203577283
2.009509145207687197399 3484.94160921535876696 2.009509145207687197399 1467.89528104814621656
2.529822128134711078928 3803.10120256658638027 2.529822128134711078928 1334.84913890212965271
3.184857364427983839050 4084.56975775860337308 3.184857364427983839050 1167.82255831194765960
4.009497869018190385759 4324.45362718845171912 4.009497869018190385759 991.13172692443026790
5.009497869018190385759 4517.69280919208449632 5.009497869018190385759 831.59832244302708659
6.009497869018190385759 4650.66296304111801874 6.009497869018190385759 719.69411052962584563
7.009497869018204596614 4748.50637208966691105 7.009497869018204596614 641.84343574875117611
8.009497869018190385759 4824.39556331258700084 8.009497869018190385759 587.05105688490300508
9.009497869018204596614 4885.71541731020079169 9.009497869018204596614 548.65137241847014593
10.009497869018190385759 4936.85640511232850258 10.009497869018190385759 521.25619730434596022
11.009497869018190385759 4980.57099878152439487 11.009497869018190385759 499.03480777481087216
12.009497869018190385759 5018.66262530602580227 12.009497869018190385759 482.09104752573216501
13.009497869018190385759 5052.36384153334256553 13.009497869018190385759 468.89701625149183428
14.009497869018204596614 5082.54685690902624629 14.009497869018204596614 458.41795750491979788
15.009497869018190385759 5109.84846991748236178 15.009497869018190385759 449.93752506504296207
16.009497869018190385759 5134.74654141556948161 16.009497869018190385759 442.95421612548454959
17.009497869018190385759 5157.60853051580943429 17.009497869018190385759 437.24353409472627163
18.009497869018190385759 5178.72299102707893326 18.009497869018190385759 432.24369177581695567
19.009497869018204596614 5198.31992872796581651 19.009497869018204596614 428.10833476156682309
20.009497869018190385759 5216.58659734597313218 20.009497869018190385759 424.31536387916099784
21.009497869018204596614 5233.67770046771420311 21.009497869018204596614 420.97409889177038167
22.009497869018190385759 5249.72153497927956778 22.009497869018190385759 417.99932730706223083
23.009497869018190385759 5264.82669472858106019 23.009497869018190385759 415.37162559657252814
24.009497869018190385759 5279.08580839067508350 24.009497869018190385759 412.93692759659830926
25.009497869018190385759 5292.57794263350024266 25.009497869018190385759 410.71165386203733760
26.009497869018204596614 5305.37223786368394940 26.009497869018204596614 408.70827710602696925
27.009497869018190385759 5317.52822333289350354 27.009497869018190385759 406.79965524822256384
28.009497869018190385759 5329.09879408052620420 28.009497869018190385759 405.01975081404776802
29.009497869018190385759 5340.13002521067664929 29.009497869018190385759 403.36357070457512464
30.009497869018190385759 5350.66327639029896091 30.009497869018190385759 401.78699096786544942
31.009497869018190385759 5360.73505631291300233 31.009497869018190385759 400.29468352407741349
32.009497869018190385759 5370.37823652033148392 32.009497869018190385759 398.87442529404540892
33.009497869018190385759 5379.62232945743835444 33.009497869018190385759 397.52606270911491038
34.009497869018190385759 5388.49384202681630995 34.009497869018190385759 396.22291335213463981
35.009497869018190385759 5397.01700590297241433 35.009497869018190385759 394.96555025879825962
36.009497869018190385759 5405.21358173592852836 36.009497869018190385759 393.75455486825347862
37.009497869018190385759 5413.10352243039505993 37.009497869018190385759 392.58282848453308134
38.009497869018190385759 5420.70507344201996602 38.009497869018190385759 391.44601488306454939
39.009497869018190385759 5428.03483627418518154 39.009497869018190385759 390.33196941563227256
40.009497869018190385759 5435.10814785220190970 40.009497869018190385759 389.23261077244603712
41.009497869018190385759 5441.93913110642461106 41.009497869018190385759 388.18938392694326467
42.009497869018190385759 5448.54075005911727203 42.009497869018190385759 387.14547478645613410
43.009497869018190385759 5454.92503432720877754 43.009497869018190385759 386.14727214327979254
44.009497869018218807469 5461.10314331839708757 44.009497869018218807469 385.14186795803550467
46.009497869018190385759 5472.88140168845711742 46.009497869018190385759 383.19065997048198824
48.009497869018190385759 5483.94991468782882293 48.009497869018190385759 381.31314904283141232
50.009497869018190385759 5494.37341385434046970 50.009497869018190385759 379.45445656569285120
52.009497869018190385759 5504.20851030255380465 52.009497869018190385759 377.64840929422325644
54.009497869018190385759 5513.50517425695215934 54.009497869018190385759 375.90373921630350651
56.009497869018190385759 5522.30745297470821242 56.009497869018190385759 374.19407242281954495
58.009497869018218807469 5530.65473118558657006 58.009497869018218807469 372.43634371916959935
60.009497869018190385759 5538.58192297599362064 60.009497869018190385759 370.79310573893900482
62.009497869018190385759 5546.12058705949038995 62.009497869018190385759 369.17924091800733777
64.009497869018190385759 5553.29891092150865006 64.009497869018190385759 367.59308944821583509
66.009497869018190385759 5560.14244883544506592 66.009497869018190385759 366.00765038048814404
68.009497869018190385759 5566.67440667901701090 68.009497869018190385759 364.43359920284120790
70.009497869018190385759 5572.91557883995028533 70.009497869018190385759 362.93571853220225876
72.009497869018218807469 5578.88529921127883426 72.009497869018218807469 361.44025911918407701
74.009497869018190385759 5584.60096255627377104 74.009497869018190385759 359.98897394279282480
76.009497869018190385759 5590.07848423261748394 76.009497869018190385759 358.56799653226528335
78.009497869018190385759 5595.33270053887281392 78.009497869018190385759 357.16663538123611943
80.009497869018190385759 5600.37698978596745292 80.009497869018190385759 355.80461658733071317
82.009497869018218807469 5605.22372352380170923 82.009497869018218807469 354.47756021884549682
84.009497869018190385759 5609.88451340447682014 84.009497869018190385759 353.19567188060710805
86.009497869018190385759 5614.36985097610067896 86.009497869018190385759 351.91871446193283646
88.009497869018190385759 5618.68945819166856381 88.009497869018190385759 350.69330774292660635
91.009497869018218807469 5624.87820299000941304 91.009497869018218807469 348.89818966507925779
94.009497869018190385759 5630.74264069866967475 94.009497869018190385759 347.17385739766973529
97.009497869018190385759 5636.30797384372999659 97.009497869018190385759 345.50724876146648512
99.504748934509109403734 5640.72554757746183896 99.504748934509109403734 344.43823153060299092
nan nan nan nan

