Time Pressure difference Time.1 Pressure.1 difference.1
(hr) (psi) (hr) (psi)
0.000200000000006639311 0.47605872557285461 0.000200000000006639311 0.37949699264898662
0.000399999999999067768 0.95184782983787031 0.000399999999999067768 0.99334413105593677
0.000600000000005707079 1.42740843082465974 0.000600000000005707079 1.45336063195539511
0.000799999999998135536 1.90276022382878440 0.000799999999998135536 1.92167803947438309
0.001007140329434719206 2.39487247905379297 0.001007140329434719206 2.41330036058613873
0.001267914553963578328 3.01411452267287805 0.001267914553963578328 3.03658100865711988
0.001596209851982166583 3.79325135570176419 0.001596209851982166583 3.82041439384103754
0.002009509145210586212 4.77345129536584523 0.002009509145210586212 4.80593256213692133
0.002529822128138903281 6.00641904819365813 0.002529822128138903281 6.04468397639550226
0.003184857364445292660 7.55705823566841950 0.003184857364445292660 7.60120569400257295
0.004009497869020606231 9.50678822296187498 0.004009497869020606231 9.55619472162466010
0.005047658755842121536 11.95766588519997953 0.005047658755842121536 12.01039803919962345
0.006354625877804664924 15.03749193315347199 0.006354625877804664924 15.08935287238588785
0.008000000000009777068 18.90611262967840744 0.008000000000009777068 18.94911424494942054
0.010071403294347192059 23.76315900365167266 0.010071403294347192059 23.78309906989803935
0.012679145539692626699 29.85749295557456762 0.012679145539692626699 29.83014451504637421
0.015962098519750611558 37.49864588688637212 0.015962098519750611558 37.38380679085498315
0.020095091452091651263 47.07052901767898589 0.020095091452091651263 46.80279028200614277
0.025298221281346400247 59.04764688016383190 0.025298221281346400247 58.52216017735041476
0.031848573644282396344 74.01392824434999795 0.031848573644282396344 73.06460391442240621
0.040094978690191851456 92.68405995814582354 0.040094978690191851456 91.05039988061525946
0.050476587558421215363 115.92680900784097275 0.050476587558421215363 113.20384008894122019
0.063546258777947173257 144.78916483345830102 0.063546258777947173257 140.35253842561576221
0.079999999999998294697 180.51912234831124238 0.079999999999998294697 173.41424204184269797
0.100714032943542974863 224.58343109105709345 0.100714032943542974863 213.36339230630321140
0.126791455396897845276 278.67452713653671026 0.126791455396897845276 261.16679813470005911
0.159620985197506115583 344.69804120847499007 0.159620985197506115583 317.67466034046105960
0.200950914520774404082 424.72874167221868902 0.200950914520774404082 383.45056981230027304
0.252982212813464002465 520.91878348691534484 0.252982212813464002465 458.52374129786898038
0.318485736442795541734 635.33852439609586327 0.318485736442795541734 542.05238556113624782
0.400949786901819038576 769.72895434902397938 0.400949786901819038576 631.90597073526726035
0.504765875584169521062 925.15014154875632357 0.504765875584169521062 724.21747104653684346
0.635462587779443310865 1101.52923200715349594 0.635462587779443310865 813.03554465896991132
0.799999999999997157829 1297.15354528160128211 0.799999999999997157829 890.31531841646574321
1.007140329435330272645 1508.22340495901630675 1.007140329435330272645 946.57314400302232116
1.267914553968893187630 1728.66000949203521486 1.267914553968893187630 972.47696458828863797
1.596209851975103788391 1950.40498432103686355 1.596209851975103788391 961.31241897681252340
2.009509145207687197399 2164.37198748228593104 2.009509145207687197399 911.65700408201928440
2.529822128134711078928 2361.96947651258096812 2.529822128134711078928 829.02682676657786942
3.184857364427983839050 2536.77948038862223257 3.184857364427983839050 725.29262036312059081
4.009497869018190385759 2685.76273045797415762 4.009497869018190385759 615.55629511484698924
5.009497869018190385759 2805.77664153949217507 5.009497869018190385759 516.47583109382355815
6.009497869018190385759 2888.35962525463583006 6.009497869018190385759 446.97614682187401058
7.009497869018204596614 2949.12665020118265602 7.009497869018204596614 398.62589060617335690
8.009497869018190385759 2996.25869947318096820 8.009497869018190385759 364.59631328790931093
9.009497869018204596614 3034.34225700481511012 9.009497869018204596614 340.74764931961448156
10.009497869018190385759 3066.10408656270556094 10.009497869018190385759 323.73349061681426519
11.009497869018190385759 3093.25364962327057583 11.009497869018190385759 309.93258419890531741
12.009497869018190385759 3116.91098987518626018 12.009497869018190385759 299.40942365333205544
13.009497869018190385759 3137.84160407933995884 13.009497869018190385759 291.21508501178431061
14.009497869018204596614 3156.58719017585599431 14.009497869018204596614 284.70691823324006009
15.009497869018190385759 3173.54324081737240704 15.009497869018190385759 279.44002642476067422
16.009497869018190385759 3189.00653820814977735 16.009497869018190385759 275.10294421691332900
17.009497869018190385759 3203.20529799678934069 17.009497869018190385759 271.55624484493313275
18.009497869018190385759 3216.31873058359315110 18.009497869018190385759 268.45102247097429427
19.009497869018204596614 3228.48968429141859815 19.009497869018204596614 265.88270085083195227
20.009497869018190385759 3239.83445568066963460 20.009497869018190385759 263.52702295209564909
21.009497869018204596614 3250.44912558906889899 21.009497869018204596614 261.45188335080638353
22.009497869018190385759 3260.41337460168051621 22.009497869018190385759 259.60435963044471919
23.009497869018190385759 3269.79464645466669026 23.009497869018190385759 257.97238853554773641
24.009497869018190385759 3278.65046948910548963 24.009497869018190385759 256.46028510885372498
25.009497869018190385759 3287.02994917086016358 25.009497869018190385759 255.07824756686792966
26.009497869018204596614 3294.97602612163655067 26.009497869018204596614 253.83402226346083808
27.009497869018190385759 3302.52567182021221015 27.009497869018190385759 252.64864582191458453
28.009497869018190385759 3309.71173747455077319 28.009497869018190385759 251.54321114618386446
29.009497869018190385759 3316.56283867590354930 29.009497869018190385759 250.51461720197283967
30.009497869018190385759 3323.10466242698294081 30.009497869018190385759 249.53546018851145050
31.009497869018190385759 3329.35988296523964891 31.009497869018190385759 248.60864166750522486
32.009497869018190385759 3335.34891562391976549 32.009497869018190385759 247.72657032377196629
33.009497869018190385759 3341.09008952188287367 33.009497869018190385759 246.88915078133953784
34.009497869018190385759 3346.59986714369006222 34.009497869018190385759 246.07981154985992589
35.009497869018190385759 3351.89329791150976234 35.009497869018190385759 245.29890852120803402
36.009497869018190385759 3356.98389658300902738 36.009497869018190385759 244.54680280634201495
37.009497869018190385759 3361.88405519021262080 37.009497869018190385759 243.81908566031805208
38.009497869018190385759 3366.60510532989792409 38.009497869018190385759 243.11305158861338782
39.009497869018190385759 3371.15735759916833558 39.009497869018190385759 242.42115798669019000
40.009497869018190385759 3375.55033721113977663 40.009497869018190385759 241.73838584347350888
41.009497869018190385759 3379.79281541028694846 41.009497869018190385759 241.09047514246637434
42.009497869018190385759 3383.89284368492417343 42.009497869018190385759 240.44214069256562993
43.009497869018190385759 3387.85789319778859863 43.009497869018190385759 239.82219290548974300
44.009497869018218807469 3391.69489465594233479 44.009497869018218807469 239.19777249945312292
46.009497869018190385759 3399.00994762844447905 46.009497869018190385759 237.98594734323094713
48.009497869018190385759 3405.88420325889001106 48.009497869018190385759 236.81989278230139462
50.009497869018190385759 3412.35786397902575118 50.009497869018190385759 235.66552568466482853
52.009497869018190385759 3418.46608891754704018 52.009497869018190385759 234.54385463224289765
54.009497869018190385759 3424.23991278499079272 54.009497869018190385759 233.46030274888772738
56.009497869018190385759 3429.70669174976410432 56.009497869018190385759 232.39849014750575407
58.009497869018218807469 3434.89088625206886718 58.009497869018218807469 231.30682802102606388
60.009497869018190385759 3439.81418017618716476 60.009497869018190385759 230.28627196815759248
62.009497869018190385759 3444.49617350491735124 62.009497869018190385759 229.28395852888183981
64.009497869018190385759 3448.95437247242489320 64.009497869018190385759 228.29885685600379475
66.009497869018190385759 3453.20464791951644656 66.009497869018190385759 227.31419763044431193
68.009497869018190385759 3457.26141218284283241 68.009497869018190385759 226.33661101414247696
70.009497869018190385759 3461.13757990928479558 70.009497869018190385759 225.40633116223636989
72.009497869018218807469 3464.84515868496373514 72.009497869018218807469 224.47755506642050705
74.009497869018190385759 3468.39495177219168909 74.009497869018190385759 223.57621400138708623
76.009497869018190385759 3471.79684362764101024 76.009497869018190385759 222.69369600049483893
78.009497869018190385759 3475.06004854314369368 78.009497869018190385759 221.82336095338445148
80.009497869018190385759 3478.19287530681140197 80.009497869018190385759 220.97746003035089757
82.009497869018218807469 3481.20300744366386425 82.009497869018218807469 220.15327301322435005
84.009497869018190385759 3484.09765653350768844 84.009497869018190385759 219.35713823638141662
86.009497869018190385759 3486.88333849981472667 86.009497869018190385759 218.56406587646645789
88.009497869018190385759 3489.56609129819116788 88.009497869018190385759 217.80300980342454409
91.009497869018218807469 3493.40969827392518710 91.009497869018218807469 216.68812648037496160
94.009497869018190385759 3497.05188977159468777 94.009497869018190385759 215.61720568020317046
97.009497869018190385759 3500.50831817439075166 97.009497869018190385759 214.58213495283257544
99.504748934509109403734 3503.25191445636073695 99.504748934509109403734 213.91820677036363918
nan nan nan nan

