Time Pressure difference Time.1 Pressure.1 difference.1
(hr) (psi) (hr) (psi)
0.000200000000006639311 0.00529989220192639 0.000200000000006639311 0.00399798637829238
0.000399999999999067768 0.00915671012258590 0.000399999999999067768 0.00713046990761339
0.000600000000005707079 0.01241933419282360 0.000600000000005707079 0.00922110396884490
0.000799999999998135536 0.01531177982963808 0.000799999999998135536 0.01103080689864803
0.001007140329434719206 0.01803164426733160 0.001007140329434719206 0.01269802949667400
0.001267914553963578328 0.02115937815012681 0.001267914553963578328 0.01457580776960854
0.001596209851982166583 0.02474396460494767 0.001596209851982166583 0.01667728622298922
0.002009509145224797066 0.02883942671822355 0.002009509145224797066 0.01902590795367655
0.002529822128138903281 0.03350553873512073 0.002529822128138903281 0.02164845931938838
0.003184857364431081805 0.03880865249581011 0.003184857364431081805 0.02457557363303229
0.004009497869020606231 0.04482263977168913 0.004009497869020606231 0.02784223850393779
0.005047658755842121536 0.05162995118167468 0.005047658755842121536 0.03148831086693463
0.006354625877790454069 0.05932279407162470 0.006354625877790454069 0.03555905079874308
0.008000000000009777068 0.06800443495070359 0.008000000000009777068 0.04010569130156067
0.010071403294347192059 0.07779063650347239 0.010071403294347192059 0.04518606352654252
0.012679145539706837553 0.08881124334952424 0.012679145539706837553 0.05086528361794809
0.015962098519750611558 0.10121192886222652 0.015962098519750611558 0.05721646294602752
0.020095091452091651263 0.11515609884429662 0.020095091452091651263 0.06432136522423956
0.025298221281360611101 0.13082692806167906 0.025298221281360611101 0.07227106692590973
0.031848573644296607199 0.14842954989919932 0.031848573644296607199 0.08116711762338003
0.040094978690177640601 0.16819360164421426 0.040094978690177640601 0.09112399631545169
0.050476587558421215363 0.19037650900777181 0.050476587558421215363 0.10227258007941416
0.063546258777961384112 0.21526757718816877 0.063546258777961384112 0.11476124328566098
0.079999999999998294697 0.24319170922442387 0.079999999999998294697 0.12874820950092139
0.100714032943542974863 0.27450987672937593 0.100714032943542974863 0.14438032390218250
0.126791455396897845276 0.30961293514920618 0.126791455396897845276 0.16176056580562814
0.159620985197506115583 0.34890697530070380 0.159620985197506115583 0.18091668294324695
0.200950914520760193227 0.39279250132577342 0.200950914520760193227 0.20178696896712797
0.252982212813478213320 0.44164299293424469 0.252982212813478213320 0.22423634544136234
0.318485736442795541734 0.49579117228942032 0.318485736442795541734 0.24808148267848246
0.400949786901833249431 0.55551872669778313 0.400949786901833249431 0.27316745554031641
0.504765875584155310207 0.62107722509744789 0.504765875584155310207 0.29938758096568413
0.635462587779443310865 0.69268620014184568 0.635462587779443310865 0.32671401119619431
0.799999999999997157829 0.77056694976721474 0.799999999999997157829 0.35524436367239293
1.007140329435344483500 0.85496043949918932 1.007140329435344483500 0.38525996696550313
1.267914553968893187630 0.94618526122422986 1.267914553968893187630 0.41686849152518468
1.596209851975103788391 1.04449008485069039 1.596209851975103788391 0.45070940836053830
2.009509145207672986544 1.15042698033062152 2.009509145207672986544 0.48704675877886128
2.529822128134711078928 1.26428978087945376 2.529822128134711078928 0.52649722546018329
3.184857364427998049905 1.38680313167445601 3.184857364427998049905 0.56992240061696187
4.009497869018190385759 1.51851053524664126 4.009497869018190385759 0.61750313708266025
5.009497869018204596614 1.65521291683514726 5.009497869018204596614 0.66773994529666447
6.009497869018204596614 1.77408296366918083 6.009497869018204596614 0.71180164685729896
7.009497869018204596614 1.87972590170551901 7.009497869018204596614 0.75099739457836223
8.009497869018204596614 1.97503386765437106 8.009497869018204596614 0.78607654439586783
9.009497869018204596614 2.06196309450138759 9.009497869018204596614 0.81768813623558745
10.009497869018190385759 2.14191453569801560 10.009497869018190385759 0.84626671980417212
11.009497869018190385759 2.21593591406711399 11.009497869018190385759 0.87201709394861904
12.009497869018190385759 2.28483819035867430 12.009497869018190385759 0.89549484568389592
13.009497869018190385759 2.34926276359176178 13.009497869018190385759 0.91694931777697319
14.009497869018190385759 2.40973651813092582 14.009497869018190385759 0.93656080621252835
15.009497869018190385759 2.46668284140886929 15.009497869018190385759 0.95454926089163361
16.009497869018204596614 2.52045339777182997 16.009497869018204596614 0.97110129386093702
17.009497869018204596614 2.57135722215147355 17.009497869018204596614 0.98637676947887254
18.009497869018204596614 2.61966219623583152 18.009497869018204596614 1.00060020368700431
19.009497869018204596614 2.66559586845646690 19.009497869018204596614 1.01376658462320823
20.009497869018204596614 2.70936418301552262 20.009497869018204596614 1.02600697468358626
21.009497869018204596614 2.75113523193289877 21.009497869018204596614 1.03735212762603668
22.009497869018190385759 2.79105253960983291 22.009497869018190385759 1.04790610135839390
23.009497869018190385759 2.82924890926679984 23.009497869018190385759 1.05767227856631951
24.009497869018190385759 2.86584548237687464 24.009497869018190385759 1.06682720599538494
25.009497869018190385759 2.90095635504343630 25.009497869018190385759 1.07539135875991176
26.009497869018190385759 2.93468220352063813 26.009497869018190385759 1.08336932245023365
27.009497869018204596614 2.96711486497786048 27.009497869018204596614 1.09090711738128765
28.009497869018190385759 2.99833387509404892 28.009497869018190385759 1.09798008814133707
29.009497869018190385759 3.02841047100834793 29.009497869018190385759 1.10451236570418909
30.009497869018190385759 3.05741077684038753 30.009497869018190385759 1.11073759965919705
31.009497869018190385759 3.08539535116469876 31.009497869018190385759 1.11655544390363959
32.009497869018190385759 3.11241994011679424 32.009497869018190385759 1.12199070943371737
33.009497869018218807469 3.13853751107743095 33.009497869018218807469 1.12696090608227295
34.009497869018190385759 3.16379629607168145 34.009497869018190385759 1.13172309561112217
35.009497869018218807469 3.18824013675404894 35.009497869018218807469 1.13606501406415372
36.009497869018190385759 3.21190967350718548 36.009497869018190385759 1.14023444764491400
37.009497869018218807469 3.23484259872368751 37.009497869018218807469 1.14413895486334471
38.009497869018190385759 3.25707455167573023 38.009497869018190385759 1.14779152428899534
39.009497869018190385759 3.27863830084408647 39.009497869018190385759 1.15112088736735507
40.009497869018190385759 3.29956449682741004 40.009497869018190385759 1.15404218240821210
41.009497869018190385759 3.31988235291393474 41.009497869018190385759 1.15712086274857873
42.009497869018190385759 3.33961878306724813 42.009497869018190385759 1.15965352257006860
43.009497869018190385759 3.35879972057898124 43.009497869018190385759 1.16230366922307748
44.009497869018218807469 3.37744954459658286 44.009497869018218807469 1.16432523940524946
46.009497869018218807469 3.41324429255925255 46.009497869018218807469 1.16789300085401160
48.009497869018218807469 3.44715721425146926 48.009497869018218807469 1.17072794949760972
50.009497869018218807469 3.47931112769772577 50.009497869018218807469 1.17198296207382424
52.009497869018190385759 3.50982881863412555 52.009497869018190385759 1.17234471112098015
54.009497869018190385759 3.53882751382699645 54.009497869018190385759 1.17205524077181789
56.009497869018190385759 3.56640189460961876 56.009497869018190385759 1.17089785962119075
58.009497869018190385759 3.59262950929068392 58.009497869018190385759 1.16784523223714487
60.009497869018190385759 3.61759022397261631 60.009497869018190385759 1.16563294173865661
62.009497869018190385759 3.64135117820884702 62.009497869018190385759 1.16289992807164388
64.009497869018190385759 3.66398322593267656 64.009497869018190385759 1.15965262113519718
66.009497869018218807469 3.68558303578983271 66.009497869018218807469 1.15569610592902583
68.009497869018218807469 3.70623517598364760 68.009497869018218807469 1.15121144893539085
70.009497869018218807469 3.72598875385541817 70.009497869018218807469 1.14653502620042924
72.009497869018218807469 3.74489559876985467 72.009497869018218807469 1.14000380518310607
74.009497869018190385759 3.76300401736244661 74.009497869018190385759 1.13330796658076993
76.009497869018190385759 3.78035474265328286 76.009497869018190385759 1.12609953906275884
78.009497869018190385759 3.79699799736966170 78.009497869018190385759 1.11901281528873775
80.009497869018190385759 3.81296617553016892 80.009497869018190385759 1.11063379319848554
82.009497869018190385759 3.82826208539633406 82.009497869018190385759 1.10249773393503703
84.009497869018190385759 3.84289300032355641 84.009497869018190385759 1.09462990589739295
86.009497869018190385759 3.85687377589176039 86.009497869018190385759 1.08457801819668731
88.009497869018218807469 3.87024820839277028 88.009497869018218807469 1.07544294095228365
91.009497869018190385759 3.88921245548210681 91.009497869018190385759 1.06044611427250568
94.009497869018218807469 3.90694432949277148 94.009497869018218807469 1.04632398089133605
97.009497869018190385759 3.92360828274012308 97.009497869018190385759 1.03293161686554491
99.504748934509109403734 3.93676468886257203 99.504748934509109403734 1.03356668049787759
nan nan nan nan

