Time Pressure difference Time.1 Pressure.1 difference.1
(hr) (psi) (hr) (psi)
0.000200000000006639311 0.51869733016911290 0.000200000000006639311 0.41576333782648067
0.000399999999999067768 0.96994239751378730 0.000399999999999067768 0.88625846083730309
0.000600000000019917934 1.38508357798684978 0.000600000000019917934 1.21664384079396171
0.000799999999998135536 1.77443535817716502 0.000799999999998135536 1.52326228842611999
0.001007140329448930061 2.15647752548920657 0.001007140329448930061 1.82026375532689144
0.001267914553963578328 2.61268910587601333 0.001267914553963578328 2.16869123834624267
0.001596209851982166583 3.15518372087346588 0.001596209851982166583 2.57284309616612683
0.002009509145210586212 3.79750768956211049 0.002009509145210586212 3.03910996644470055
0.002529822128153114136 4.55471667497163146 0.002529822128153114136 3.57422228298033540
0.003184857364431081805 5.44345510107839914 0.003184857364431081805 4.18527861884947416
0.004009497869020606231 6.48204567617091598 0.004009497869020606231 4.87981002367928340
0.005047658755856332391 7.69059819099417563 0.005047658755856332391 5.66588496779859785
0.006354625877790454069 9.09114702243539341 0.006354625877790454069 6.55225052975184763
0.007999999999995566213 10.70782446134721333 0.007999999999995566213 7.54849907179392066
0.010071403294347192059 12.56707428365030310 0.010071403294347192059 8.66526628616539440
0.012679145539706837553 14.69791531175202870 0.012679145539706837553 9.91451468115147350
0.015962098519764822413 17.13228416617588579 0.015962098519764822413 11.30997176129481829
0.020095091452077440408 19.90549867311717236 0.020095091452077440408 12.86763517440864213
0.025298221281346400247 23.05683048669483881 0.025298221281346400247 14.60588370879632159
0.031848573644282396344 26.63001575106425634 0.031848573644282396344 16.54442512522112807
0.040094978690177640601 30.67333794242947675 0.040094978690177640601 18.70153160024136341
0.050476587558421215363 35.23885859524973796 0.050476587558421215363 21.08987039758928006
0.063546258777947173257 40.38057160075590701 0.063546258777947173257 23.71256814283007586
0.079999999999998294697 46.15181100623006216 0.079999999999998294697 26.56150970791262722
0.100714032943528764008 52.60260880046281073 0.100714032943528764008 29.61822795696255994
0.126791455396883634421 59.77749569801778762 0.126791455396883634421 32.85876359939334179
0.159620985197506115583 67.71507370232926348 0.159620985197506115583 36.26180948061577425
0.200950914520774404082 76.44953368313515796 0.200950914520774404082 39.80981215255325623
0.252982212813464002465 86.01069389551655320 0.252982212813464002465 43.49726467076755654
0.318485736442795541734 96.42926854390738356 0.318485736442795541734 47.34237636685350026
0.400949786901833249431 107.74217834852326803 0.400949786901833249431 51.36012812809993733
0.504765875584169521062 119.98533092104781872 0.504765875584169521062 55.59417398315781611
0.635462587779429100010 133.21337714088721782 0.635462587779429100010 60.09454163431488638
0.800000000000011368684 147.48207138977412001 0.800000000000011368684 64.93109988448505021
1.007140329435344483500 162.87377390705793800 1.007140329435344483500 70.17612051324279321
1.267914553968893187630 179.47149901514239900 1.267914553968893187630 75.88011120008647481
1.596209851975103788391 197.37269399737826348 1.596209851975103788391 82.08124592600621838
2.009509145207672986544 216.66710458127985817 2.009509145207672986544 88.73665319098050475
2.529822128134725289783 237.41866490542875567 2.529822128134725289783 95.72115874174160410
3.184857364427998049905 259.64264042075518546 3.184857364427998049905 102.82019604130027801
4.009497869018190385759 283.28457000341222738 4.009497869018190385759 109.75037247362395476
5.009497869018204596614 307.36668199595391116 5.009497869018204596614 115.99433214239564904
6.009497869018190385759 327.79604691632795266 6.009497869018190385759 120.58035461940234256
7.009497869018190385759 345.48678523826964692 7.009497869018190385759 123.94732053730761834
8.009497869018204596614 361.02885274620695100 8.009497869018204596614 126.37720186331341665
9.009497869018190385759 374.83677941596386063 9.009497869018190385759 128.05837803221649551
10.009497869018190385759 387.21901340977575501 10.009497869018190385759 129.14889216472619182
11.009497869018204596614 398.40244002303893467 11.009497869018204596614 129.92104278024976338
12.009497869018190385759 408.56540261649718104 12.009497869018190385759 130.32516004598204518
13.009497869018190385759 417.84853196091978589 13.009497869018190385759 130.43206357477848201
14.009497869018204596614 426.36563274430142201 14.009497869018204596614 130.29415250039292573
15.009497869018190385759 434.21035371110548340 15.009497869018190385759 129.91790446354414712
16.009497869018190385759 441.46102623570510559 16.009497869018190385759 129.31720724997904881
17.009497869018190385759 448.17578891817049680 17.009497869018190385759 128.40194059372834090
18.009497869018204596614 454.40781419963923327 18.009497869018204596614 127.34285458788532708
19.009497869018190385759 460.20124222725263508 19.009497869018190385759 125.95134766325200815
20.009497869018190385759 465.59224096246106228 20.009497869018190385759 124.58194157462548901
21.009497869018204596614 470.61285813349138607 21.009497869018204596614 123.11994739544577726
22.009497869018190385759 475.29846032925797772 22.009497869018190385759 121.58751704172456698
23.009497869018190385759 479.68546098242745757 23.009497869018190385759 119.94692325472917105
24.009497869018204596614 483.79832140249129679 24.009497869018204596614 118.30140850095854432
25.009497869018190385759 487.65917310870997881 25.009497869018190385759 116.56687671879612367
26.009497869018190385759 491.28806889424515703 26.009497869018190385759 114.57227324704292926
27.009497869018204596614 494.70139770735016782 27.009497869018204596614 112.53330953391203195
28.009497869018190385759 497.90388472205978587 28.009497869018190385759 110.41168161555191318
29.009497869018190385759 500.90358199797822181 29.009497869018190385759 108.26172091651535823
30.009497869018190385759 503.71641552419674781 30.009497869018190385759 106.10720859954734863
31.009497869018190385759 506.34910217472804561 31.009497869018190385759 103.89421198128358981
32.009497869018190385759 508.82456500413286449 32.009497869018190385759 101.67220302892725670
33.009497869018190385759 511.16119466392416371 33.009497869018190385759 99.48743049659191229
34.009497869018190385759 513.36819265950600766 34.009497869018190385759 97.28449556803107612
35.009497869018190385759 515.45140604045457167 35.009497869018190385759 94.99318300856137398
36.009497869018190385759 517.41873263481920731 36.009497869018190385759 92.86117493387556010
37.009497869018190385759 519.27474551685213555 37.009497869018190385759 90.74385200224934067
38.009497869018190385759 521.02368235265828389 38.009497869018190385759 88.60804352395962269
39.009497869018190385759 522.66943452372674983 39.009497869018190385759 86.42891689424128288
40.009497869018190385759 524.22148485043032906 40.009497869018190385759 84.16371746137832588
41.009497869018190385759 525.68584412784139204 41.009497869018190385759 82.07019221175497137
42.009497869018190385759 527.06801026590437687 42.009497869018190385759 79.92286599842077521
43.009497869018190385759 528.37335226227401108 43.009497869018190385759 77.84652789010384311
44.009497869018190385759 529.60662176741141138 44.009497869018190385759 75.75410388696609232
46.009497869018190385759 531.87383287660873066 46.009497869018190385759 71.71786455689137085
48.009497869018190385759 533.90026160021284340 48.009497869018190385759 67.85969576357740607
50.009497869018218807469 535.71194816312481635 50.009497869018218807469 64.12457199741841407
52.009497869018190385759 537.33382803023641827 52.009497869018190385759 60.53165075959171304
54.009497869018190385759 538.78635443013035911 54.009497869018190385759 57.10997274707299454
56.009497869018190385759 540.08845420012323757 56.009497869018190385759 53.83009860079699394
58.009497869018190385759 541.25608900448537497 58.009497869018190385759 50.70607605093817938
60.009497869018190385759 542.30435487817612739 60.009497869018190385759 47.73397307843235637
62.009497869018190385759 543.24536414799968043 62.009497869018190385759 44.90240959303207546
64.009497869018190385759 544.09154389237346550 64.009497869018190385759 42.21077912892823036
66.009497869018218807469 544.85217935505261266 66.009497869018218807469 39.68375482914508723
68.009497869018190385759 545.53644188027612927 68.009497869018190385759 37.29490186213039493
70.009497869018190385759 546.15240291180657550 70.009497869018190385759 35.00364947494189494
72.009497869018190385759 546.70667417567221946 72.009497869018190385759 32.87139427032330019
74.009497869018218807469 547.20609041396267003 74.009497869018218807469 30.83959744313562013
76.009497869018190385759 547.65622831597374898 76.009497869018190385759 28.91822708379509876
78.009497869018190385759 548.06201192091782559 78.009497869018190385759 27.09795405361719034
80.009497869018218807469 548.42801995982665630 80.009497869018218807469 25.38947102952003476
82.009497869018190385759 548.75807983066442830 82.009497869018190385759 23.76644188794233870
84.009497869018190385759 549.05562525938671570 84.009497869018190385759 22.18365801435521689
86.009497869018218807469 549.32414860853691607 86.009497869018218807469 20.73432806275409845
88.009497869018190385759 549.56647971226982463 88.009497869018190385759 19.32170054778224966
91.009497869018190385759 549.88634626102043512 91.009497869018190385759 17.36728703179123912
94.009497869018190385759 550.16091865944656547 94.009497869018190385759 15.54942889955120933
97.009497869018190385759 550.39603259757416254 97.009497869018190385759 13.90694020009597409
99.504748934509137825444 550.56568105707719951 99.504748934509137825444 11.81936464459042035
nan nan nan nan

