Time Pressure difference Time.1 Pressure.1 difference.1
(hr) (psi) (hr) (psi)
0.000200000000006639311 0.42957886270381562 0.000200000000006639311 0.34433017374354169
0.000399999999999067768 0.80329457619598210 0.000399999999999067768 0.73398855078740410
0.000600000000019917934 1.14710948673541790 0.000600000000019917934 1.00760973123473074
0.000799999999998135536 1.46956592751048420 0.000799999999998135536 1.26154742544820930
0.001007140329448930061 1.78596863520381266 0.001007140329448930061 1.50752045239824439
0.001267914553963578328 2.16379755479932889 0.001267914553963578328 1.79608388464380075
0.001596209851982166583 2.61308504131399788 0.001596209851982166583 2.13079757091879163
0.002009509145210586212 3.14504999256352002 0.002009509145210586212 2.51695416012936946
0.002529822128153114136 3.77216132678858651 0.002529822128153114136 2.96012771624008986
0.003184857364431081805 4.50820375485284863 0.003184857364431081805 3.46619719171828855
0.004009497869020606231 5.36835192241269255 0.004009497869020606231 4.04139971088606398
0.005047658755856332391 6.36926051522604908 0.005047658755856332391 4.69241748339830167
0.006354625877790454069 7.52917813804380831 0.006354625877790454069 5.42649473403609406
0.007999999999995566213 8.86809086261910196 0.007999999999995566213 6.25157574133805216
0.010071403294347192059 10.40789910471441182 0.010071403294347192059 7.17646885713295113
0.012679145539706837553 12.17263590248456673 0.012679145539706837553 8.21108128626907252
0.015962098519764822413 14.18875077923560113 0.015962098519764822413 9.36678198217302338
0.020095091452077440408 16.48549353196415623 0.020095091452077440408 10.65682000350353320
0.025298221281346400247 19.09538847018887964 0.025298221281346400247 12.09641644070782718
0.031848573644282396344 22.05465734014315160 0.031848573644282396344 13.70189302316971158
0.040094978690177640601 25.40328793352884063 0.040094978690177640601 15.48838254677707660
0.050476587558421215363 29.18439698425381224 0.050476587558421215363 17.46637588632561844
0.063546258777947173257 33.44270158076026433 0.063546258777947173257 19.63846247533712486
0.079999999999998294697 38.22237233670328038 0.079999999999998294697 21.99792146279475347
0.100714032943528764008 43.56484514078597670 0.100714032943528764008 24.52945858986026906
0.126791455396883634421 49.50699979285499808 0.126791455396883634421 27.21323106151099225
0.159620985197506115583 56.08080600582167818 0.159620985197506115583 30.03159254971803094
0.200950914520774404082 63.31458024495891124 0.200950914520774404082 32.97000550083940595
0.252982212813464002465 71.23301762890430666 0.252982212813464002465 36.02390913001823236
0.318485736442795541734 79.86155529072597403 0.318485736442795541734 39.20838418570283324
0.400949786901833249431 89.23077052488437744 0.400949786901833249431 42.53583765776868120
0.504765875584169521062 99.37040158159263115 0.504765875584169521062 46.04242328538036588
0.635462587779429100010 110.32570965896294979 0.635462587779429100010 49.76957340721111933
0.800000000000011368684 122.14286986240352917 0.800000000000011368684 53.77515252178157823
1.007140329435344483500 134.89009194718761364 1.007140329435344483500 58.11901524385343265
1.267914553968893187630 148.63612737227231264 1.267914553968893187630 62.84299142342732125
1.596209851975103788391 163.46168080051327820 1.596209851975103788391 67.97869629039709594
2.009509145207672986544 179.44107855926131379 2.009509145207672986544 73.49062418635567440
2.529822128134725289783 196.62727012973093110 2.529822128134725289783 79.27510730691888341
3.184857364427998049905 215.03289817396773742 3.184857364427998049905 85.15444423823123543
4.009497869018190385759 234.61285864712121452 4.009497869018190385759 90.89393263922950439
5.009497869018204596614 254.55737287450148187 5.009497869018204596614 96.06510460652096128
6.009497869018190385759 271.47672610385819780 6.009497869018190385759 99.86319302036407919
7.009497869018190385759 286.12798186847300030 7.009497869018190385759 102.65167351881717650
8.009497869018204596614 298.99973442202639262 8.009497869018204596614 104.66407187874412443
9.009497869018190385759 310.43529248275126520 9.009497869018190385759 106.05640167231889848
10.009497869018190385759 320.69010909239142393 10.009497869018190385759 106.95955230286718063
11.009497869018204596614 329.95208791169801543 11.009497869018204596614 107.59903811464981516
12.009497869018190385759 338.36893075755540394 12.009497869018190385759 107.93372315217575874
13.009497869018190385759 346.05710633541951893 13.009497869018190385759 108.02225936327292288
14.009497869018204596614 353.11086631306574191 14.009497869018204596614 107.90804307750661906
15.009497869018190385759 359.60776944933166988 15.009497869018190385759 107.59643899866675554
16.009497869018190385759 365.61268884218799258 16.009497869018190385759 107.09894882313700748
17.009497869018190385759 371.17377417786735805 17.009497869018190385759 106.34093603534280703
18.009497869018204596614 376.33506222976836852 18.009497869018204596614 105.46381379963121105
19.009497869018190385759 381.13310933451663232 19.009497869018190385759 104.31138457480064119
20.009497869018190385759 385.59786936085703246 20.009497869018190385759 103.17725899536097245
21.009497869018204596614 389.75588385015328186 21.009497869018204596614 101.96645307783899170
22.009497869018190385759 393.63644298409690236 22.009497869018190385759 100.69731277146853188
23.009497869018190385759 397.26970392772852847 23.009497869018190385759 99.33859281633274918
24.009497869018204596614 400.67592524206327198 24.009497869018204596614 97.97579737596164762
25.009497869018190385759 403.87343598399201028 25.009497869018190385759 96.53927910804993928
26.009497869018190385759 406.87884363456277015 26.009497869018190385759 94.88737260862481548
27.009497869018204596614 409.70572132273156285 27.009497869018204596614 93.19872749318619753
28.009497869018190385759 412.35798238055150478 28.009497869018190385759 91.44162088160473445
29.009497869018190385759 414.84229542651354450 29.009497869018190385759 89.66104940334224693
30.009497869018190385759 417.17185017238847422 30.009497869018190385759 87.87670833009491389
31.009497869018190385759 419.35220945209016463 31.009497869018190385759 86.04393126503620692
32.009497869018190385759 421.40235786248325667 32.009497869018190385759 84.20369029375585512
33.009497869018190385759 423.33752631898147456 33.009497869018190385759 82.39428807570095614
34.009497869018190385759 425.16533539720160206 34.009497869018190385759 80.56984398050359175
35.009497869018190385759 426.89062755296714613 35.009497869018190385759 78.67220659903674118
36.009497869018190385759 428.51994367205827530 36.009497869018190385759 76.90650326738419551
37.009497869018190385759 430.05707111932582620 37.009497869018190385759 75.15296199380918551
38.009497869018190385759 431.50551947864460089 38.009497869018190385759 73.38411121380279667
39.009497869018190385759 432.86851154515363760 39.009497869018190385759 71.57938486408977496
40.009497869018190385759 434.15390087612826164 40.009497869018190385759 69.70337405861801017
41.009497869018190385759 435.36666553943376812 41.009497869018190385759 67.96954173778901520
42.009497869018190385759 436.51135883766835377 42.009497869018190385759 66.19115210875922628
43.009497869018190385759 437.59242730982964531 43.009497869018190385759 64.47155397073029803
44.009497869018190385759 438.61380621542656399 44.009497869018190385759 62.73863368893702130
46.009497869018190385759 440.49148306693638233 46.009497869018190385759 59.39586903570734933
48.009497869018190385759 442.16974685547830859 48.009497869018190385759 56.20058024983524803
50.009497869018218807469 443.67016378073560645 50.009497869018218807469 53.10719586900290068
52.009497869018190385759 445.01338509349784545 52.009497869018190385759 50.13158190425247085
54.009497869018190385759 446.21634991059113418 54.009497869018190385759 47.29778950999200049
56.009497869018190385759 447.29473321003496267 56.009497869018190385759 44.58143736468690577
58.009497869018190385759 448.26175424935235014 58.009497869018190385759 41.99415962876356900
60.009497869018190385759 449.12991538232842004 60.009497869018190385759 39.53269985153390564
62.009497869018190385759 449.90924789169906717 62.009497869018190385759 37.18763317973260740
64.009497869018190385759 450.61004373368376719 64.009497869018190385759 34.95845734570298191
66.009497869018218807469 451.23999283498989143 66.009497869018218807469 32.86560634843291240
68.009497869018190385759 451.80669079212128736 68.009497869018190385759 30.88718717977778638
70.009497869018190385759 452.31682227729487522 70.009497869018190385759 28.98959963226731062
72.009497869018190385759 452.77586304213389212 72.009497869018190385759 27.22369163058989727
74.009497869018218807469 453.18947353746978024 74.009497869018218807469 25.54098204350963286
76.009497869018190385759 453.56227231000775646 76.009497869018190385759 23.94972632308936511
78.009497869018190385759 453.89833738953859665 78.009497869018190385759 22.44219818937155608
80.009497869018218807469 454.20146082578929736 80.009497869018218807469 21.02725318820652234
82.009497869018190385759 454.47481242351670971 82.009497869018190385759 19.68308006021533174
84.009497869018190385759 454.72123595307607502 84.009497869018190385759 18.37223757698948745
86.009497869018218807469 454.94362374693594120 86.009497869018218807469 17.17192001975741888
88.009497869018190385759 455.14431943955770521 88.009497869018190385759 16.00199897715657471
91.009497869018190385759 455.40922905107339602 91.009497869018190385759 14.38337731357744254
94.009497869018190385759 455.63662659446788439 94.009497869018190385759 12.87784916915851774
97.009497869018190385759 455.83134511772254882 97.009497869018190385759 11.51755987041505414
99.504748934509137825444 455.97184592243843326 99.504748934509137825444 9.78865501437891083
nan nan nan nan

