Time Pressure difference Time.1 Pressure.1 difference.1
(hr) (psi) (hr) (psi)
0.000200000000006639311 0.39615943740432918 0.000200000000006639311 0.31754273721243959
0.000399999999999067768 0.74080164320180530 0.000399999999999067768 0.67688733451869187
0.000600000000019917934 1.05786920251613092 0.000600000000019917934 0.92922194015001902
0.000799999999998135536 1.35523989101047904 0.000799999999998135536 1.16340435183149293
0.001007140329448930061 1.64702780134679005 0.001007140329448930061 1.39024171380000161
0.001267914553963578328 1.99546322314557245 0.001267914553963578328 1.65635612700538504
0.001596209851982166583 2.40979803647919733 0.001596209851982166583 1.96503049895104165
0.002009509145210586212 2.90037835618904838 0.002009509145210586212 2.32114573276112024
0.002529822128153114136 3.47870307121994404 0.002529822128153114136 2.72984225371249778
0.003184857364431081805 4.15748450001826786 0.003184857364431081805 3.19654165654409450
0.004009497869020606231 4.95071676475335742 0.004009497869020606231 3.72699584358860703
0.005047658755856332391 5.87375888681300129 0.005047658755856332391 4.32736717674819094
0.006354625877790454069 6.94343980639696401 0.006354625877790454069 5.00433631064268614
0.007999999999995566213 8.17819076309605997 0.007999999999995566213 5.76522949241710148
0.010071403294347192059 9.59820841261345237 0.010071403294347192059 6.61816982124578423
0.012679145539706837553 11.22565612400926760 0.012679145539706837553 7.57229376318817238
0.015962098519764822413 13.08492575913299305 0.015962098519764822413 8.63808581500235206
0.020095091452077440408 15.20299160403177474 0.020095091452077440408 9.82776431441411624
0.025298221281346400247 17.60984771399914450 0.025298221281346400247 11.15536621517463978
0.031848573644282396344 20.33889793604773644 0.031848573644282396344 12.63594348490043195
0.040094978690177640601 23.42701918019110252 0.040094978690177640601 14.28345165172796882
0.050476587558421215363 26.91397388013033520 0.050476587558421215363 16.10756544460174666
0.063546258777947173257 30.84100032326189478 0.063546258777947173257 18.11067285002726734
0.079999999999998294697 35.24883283563074343 0.079999999999998294697 20.28657587087554859
0.100714032943528764008 40.17568376840716837 0.100714032943528764008 22.62117007719690776
0.126791455396883634421 45.65556382841895555 0.126791455396883634421 25.09615635980511072
0.159620985197506115583 51.71795561963133991 0.159620985197506115583 27.69526120063137498
0.200950914520774404082 58.38897270564282138 0.200950914520774404082 30.40507800644671121
0.252982212813464002465 65.69138902892471776 0.252982212813464002465 33.22140080223723402
0.318485736442795541734 73.64866282078295967 0.318485736442795541734 36.15813711777133221
0.400949786901833249431 82.28899259101977748 0.400949786901833249431 39.22672873139445215
0.504765875584169521062 91.63980307929692515 0.504765875584169521062 42.46051677371382027
0.635462587779429100010 101.74283435324136349 0.635462587779429100010 45.89771032204721024
0.800000000000011368684 112.64066928963956116 0.800000000000011368684 49.59167226076777268
1.007140329435344483500 124.39621121223619582 1.007140329435344483500 53.59760076783241800
1.267914553968893187630 137.07286300619600183 1.267914553968893187630 57.95407150718013867
1.596209851975103788391 150.74505085168888741 1.596209851975103788391 62.69024017704366258
2.009509145207672986544 165.48131880100436319 2.009509145207672986544 67.77336330962135946
2.529822128134725289783 181.33049708884425399 2.529822128134725289783 73.10783801886036315
3.184857364427998049905 198.30424483142243730 3.184857364427998049905 78.52978731208034446
4.009497869018190385759 216.36096688851210956 4.009497869018190385759 83.82276770133158550
5.009497869018204596614 234.75388195395677826 5.009497869018204596614 88.59164428056794804
6.009497869018190385759 250.35698079918199710 6.009497869018190385759 92.09425742072473042
7.009497869018190385759 263.86843060479918677 7.009497869018190385759 94.66580588688326259
8.009497869018204596614 275.73881505045875429 8.009497869018204596614 96.52164813453065051
9.009497869018190385759 286.28473488279655612 9.009497869018190385759 97.80566053735729781
10.009497869018190385759 295.74176997337229977 10.009497869018190385759 98.63854985467007452
11.009497869018204596614 304.28320586994516361 11.009497869018204596614 99.22828636504982569
12.009497869018190385759 312.04525381045220911 12.009497869018190385759 99.53693431699838357
13.009497869018190385759 319.13532172585684066 13.009497869018190385759 99.61858278395833111
14.009497869018204596614 325.64032890135234766 14.009497869018204596614 99.51325204392425405
15.009497869018190385759 331.63180035116647559 15.009497869018190385759 99.22588944933774258
16.009497869018190385759 337.16956231961910362 16.009497869018190385759 98.76710191307124376
17.009497869018190385759 342.29801865025370944 17.009497869018190385759 98.06805932594822650
18.009497869018204596614 347.05778024106672319 18.009497869018204596614 97.25917350403591399
19.009497869018190385759 351.48255949974060286 19.009497869018190385759 96.19639841663138213
20.009497869018190385759 355.59998001025553549 20.009497869018190385759 95.15050302813676808
21.009497869018204596614 359.43451849390146435 21.009497869018204596614 94.03389270873644534
22.009497869018190385759 363.01318647966144226 22.009497869018190385759 92.86348617012251339
23.009497869018190385759 366.36379503221638743 23.009497869018190385759 91.61046890193408387
24.009497869018204596614 369.50502668190273425 24.009497869018204596614 90.35369320408780425
25.009497869018190385759 372.45378456222277919 25.009497869018190385759 89.02893000402012547
26.009497869018190385759 375.22538416218191060 26.009497869018190385759 87.50553486921802460
27.009497869018204596614 377.83234267849962862 27.009497869018204596614 85.94825922791400785
28.009497869018190385759 380.27826900248589936 28.009497869018190385759 84.32784810637454598
29.009497869018190385759 382.56931296221426919 29.009497869018190385759 82.68579758590233553
30.009497869018190385759 384.71763816546035741 30.009497869018190385759 81.04027072905026330
31.009497869018190385759 386.72837468110100190 31.009497869018190385759 79.35007599644345078
32.009497869018190385759 388.61903018436458979 32.009497869018190385759 77.65299801806658309
33.009497869018190385759 390.40365068962796613 33.009497869018190385759 75.98435966786682627
34.009497869018190385759 392.08926392383744997 34.009497869018190385759 74.30184963518077268
35.009497869018190385759 393.68033562015932603 35.009497869018190385759 72.55184044546500388
36.009497869018190385759 395.18289781102294000 36.009497869018190385759 70.92350139244993557
37.009497869018190385759 396.60044322025345309 37.009497869018190385759 69.30637824064413621
38.009497869018190385759 397.93620840088937030 38.009497869018190385759 67.67513659749400290
39.009497869018190385759 399.19316542818864946 39.009497869018190385759 66.01081035278295417
40.009497869018190385759 400.37855688576490820 40.009497869018190385759 64.28074528258289888
41.009497869018190385759 401.49697356878095889 41.009497869018190385759 62.68179781005178342
42.009497869018190385759 402.55261455207994459 42.009497869018190385759 61.04175940013614365
43.009497869018190385759 403.54958045266295130 43.009497869018190385759 59.45593875096522396
44.009497869018190385759 404.49150038343231017 44.009497869018190385759 57.85783236467611346
46.009497869018190385759 406.22310188830925881 46.009497869018190385759 54.77512071526334125
48.009497869018190385759 407.77080382620283672 48.009497869018190385759 51.82841193218194320
50.009497869018218807469 409.15449463733961011 50.009497869018218807469 48.97567982084708404
52.009497869018190385759 410.39321899222085221 52.009497869018190385759 46.23155608350024437
54.009497869018190385759 411.50259821576401009 54.009497869018190385759 43.61822079608662506
56.009497869018190385759 412.49708783875183826 56.009497869018190385759 41.11318940114562537
58.009497869018190385759 413.38887871617743031 58.009497869018190385759 38.72719097044808478
60.009497869018190385759 414.18950057138550847 60.009497869018190385759 36.45722239144699017
62.009497869018190385759 414.90820429558635851 62.009497869018190385759 34.29459202474530599
64.009497869018190385759 415.55448117417512321 64.009497869018190385759 32.23883667699351463
66.009497869018218807469 416.13542288996632124 66.009497869018218807469 30.30880066816584772
68.009497869018190385759 416.65803413406320033 68.009497869018190385759 28.48429417389556306
70.009497869018190385759 417.12847953935295209 70.009497869018190385759 26.73433094126434284
72.009497869018190385759 417.55180886705699095 72.009497869018190385759 25.10580314068987562
74.009497869018218807469 417.93324220878491815 74.009497869018218807469 23.55400126864988763
76.009497869018190385759 418.27703880777045242 76.009497869018190385759 22.08653853782471543
78.009497869018190385759 418.58695944027141422 78.009497869018190385759 20.69628974027943968
80.009497869018218807469 418.86650115052532328 80.009497869018218807469 19.39142149771395651
82.009497869018190385759 419.11858714583632946 82.009497869018190385759 18.15181937481770547
84.009497869018190385759 419.34583996320952792 84.009497869018190385759 16.94295491297733847
86.009497869018218807469 419.55092692383550457 86.009497869018218807469 15.83601700363366582
88.009497869018190385759 419.73600933729062490 88.009497869018190385759 14.75711088817194572
91.009497869018190385759 419.98031009734319241 91.009497869018190385759 13.26441116924726948
94.009497869018190385759 420.19001707010090740 94.009497869018190385759 11.87600677026125950
97.009497869018190385759 420.36958731277815104 97.009497869018190385759 10.62154224678470982
99.504748934509137825444 420.49915774694892434 99.504748934509137825444 9.02713890304959676
nan nan nan nan

