Time Pressure difference Time.1 Pressure.1 difference.1
(hr) (psi) (hr) (psi)
0.000200000000006639311 0.13646265330623639 0.000200000000006639311 0.10938203250200028
0.000399999999999067768 0.25517947639288902 0.000399999999999067768 0.23316329976390793
0.000600000000019917934 0.36439782722875513 0.000600000000019917934 0.32008348026257244
0.000799999999998135536 0.46683131570835484 0.000799999999998135536 0.40075088393492553
0.001007140329448930061 0.56734173824950929 0.001007140329448930061 0.47888818260949084
0.001267914553963578328 0.68736518758617260 0.001267914553963578328 0.57055501035686373
0.001596209851982166583 0.83008860307543531 0.001596209851982166583 0.67688221053498099
0.002009509145210586212 0.99907584852909226 0.002009509145210586212 0.79955107842035078
0.002529822128153114136 1.19828787690528848 0.002529822128153114136 0.94033230532100087
0.003184857364431081805 1.43210362390787416 0.003184857364431081805 1.10109343529462644
0.004009497869020606231 1.70534356044228130 0.004009497869020606231 1.28381579146461666
0.005047658755856332391 2.02329831601994448 0.005047658755856332391 1.49062208548795327
0.006354625877790454069 2.39176485422461349 0.006354625877790454069 1.72381356218974791
0.007999999999995566213 2.81709207305242160 0.007999999999995566213 1.98591384976054819
0.010071403294347192059 3.30623699274558325 0.010071403294347192059 2.27972106320592927
0.012679145539706837553 3.86683409544080270 0.012679145539706837553 2.60838238591367588
0.015962098519764822413 4.50728549875231366 0.015962098519764822413 2.97550934928024757
0.020095091452077440408 5.23688287239055850 0.020095091452077440408 3.38531073044844799
0.025298221281346400247 6.06595808777474854 0.025298221281346400247 3.84262175426050900
0.031848573644282396344 7.00601756672294584 0.031848573644282396344 4.35262728126622989
0.040094978690177640601 8.06976407612909696 0.040094978690177640601 4.92013448811719112
0.050476587558421215363 9.27089434183751493 0.050476587558421215363 5.54847597037248175
0.063546258777947173257 10.62361346811833229 0.063546258777947173257 6.23847430334858366
0.079999999999998294697 12.14195296271287461 0.079999999999998294697 6.98799450033674496
0.100714032943528764008 13.83907560388014879 0.100714032943528764008 7.79217809337538458
0.126791455396883634421 15.72669685478052060 0.126791455396883634421 8.64472169863234186
0.159620985197506115583 17.81497241027722822 0.159620985197506115583 9.54001967543717022
0.200950914520774404082 20.11289745220736691 0.200950914520774404082 10.47345393543682768
0.252982212813464002465 22.62831678324999274 0.252982212813464002465 11.44357567177240220
0.318485736442795541734 25.36931091893402268 0.318485736442795541734 12.45517552738696132
0.400949786901833249431 28.34559322994706321 0.400949786901833249431 13.51219478269475083
0.504765875584169521062 31.56661055104077107 0.504765875584169521062 14.62611825597172022
0.635462587779429100010 35.04674083169649634 0.635462587779429100010 15.81010759775264063
0.800000000000011368684 38.80065233878621456 0.800000000000011368684 17.08254439913969236
1.007140329435344483500 42.85001300105148658 1.007140329435344483500 18.46244244375246524
1.267914553968893187630 47.21666282814484816 1.267914553968893187630 19.96308965800932711
1.596209851975103788391 51.92623895769951758 1.596209851975103788391 21.59452912952646741
2.009509145207672986544 57.00235234621590763 2.009509145207672986544 23.34548191333178835
2.529822128134725289783 62.46182325028730276 2.529822128134725289783 25.18301625957228751
3.184857364427998049905 68.30866781539332067 3.184857364427998049905 27.05068244844946790
4.009497869018190385759 74.52855801432050953 4.009497869018190385759 28.87392349641650569
5.009497869018204596614 80.86425459222412826 5.009497869018204596614 30.51662966430811608
6.009497869018190385759 86.23895999409432989 6.009497869018190385759 31.72315369852732658
7.009497869018190385759 90.89316766000114001 7.009497869018190385759 32.60895949706348063
8.009497869018204596614 94.98208743390142672 8.009497869018204596614 33.24823028887171716
9.009497869018190385759 98.61477686648177610 9.009497869018190385759 33.69052630109320035
10.009497869018190385759 101.87238473599467170 10.009497869018190385759 33.97742666347159002
11.009497869018204596614 104.81460167049078791 11.009497869018204596614 34.18056964419994159
12.009497869018190385759 107.48834753400463171 12.009497869018190385759 34.28688774364092495
13.009497869018190385759 109.93062048904735661 13.009497869018190385759 34.31501269886790340
14.009497869018204596614 112.17136109782963160 14.009497869018204596614 34.27873005379464644
15.009497869018190385759 114.23520715084117683 15.009497869018190385759 34.17974399309349565
16.009497869018190385759 116.14276663382310062 16.009497869018190385759 34.02170821610187090
17.009497869018190385759 117.90933507108913147 17.009497869018190385759 33.78091323002785629
18.009497869018204596614 119.54890145386482914 18.009497869018204596614 33.50228120701412138
19.009497869018190385759 121.07307849200203975 19.009497869018190385759 33.13619347919113522
20.009497869018190385759 122.49138151495620264 20.009497869018190385759 32.77592019949878477
21.009497869018204596614 123.81224187136149339 21.009497869018204596614 32.39128817383539882
22.009497869018190385759 125.04496405977793927 22.009497869018190385759 31.98812528882954709
23.009497869018190385759 126.19912799000775294 23.009497869018190385759 31.55650598379452276
24.009497869018204596614 127.28116912065543431 24.009497869018204596614 31.12359203515151052
25.009497869018190385759 128.29690997222436977 25.009497869018190385759 30.66725884145508374
26.009497869018190385759 129.25162617888864247 26.009497869018190385759 30.14250410257773893
27.009497869018204596614 130.14962946394715004 27.009497869018204596614 29.60607874986141752
28.009497869018190385759 130.99216296043451280 28.009497869018190385759 29.04790549885660766
29.009497869018190385759 131.78134506255534575 29.009497869018190385759 28.48227825454631912
30.009497869018190385759 132.52136569495647223 30.009497869018190385759 27.91545353759903492
31.009497869018190385759 133.21399198153918064 31.009497869018190385759 27.33324234675380637
32.009497869018190385759 133.86525468565108099 32.009497869018190385759 26.74866012573119534
33.009497869018190385759 134.47999215319345012 33.009497869018190385759 26.17387433198927837
34.009497869018190385759 135.06062518290360686 34.009497869018190385759 25.59431024340146266
35.009497869018190385759 135.60869205896523226 35.009497869018190385759 24.99149512708460463
36.009497869018190385759 136.12627059922758122 36.009497869018190385759 24.43059098931491491
37.009497869018190385759 136.61456392121206704 37.009497869018190385759 23.87355032542398803
38.009497869018190385759 137.07468690083359775 38.009497869018190385759 23.31164634992763496
39.009497869018190385759 137.50766331094018824 39.009497869018190385759 22.73834592116952180
40.009497869018190385759 137.91598796065014199 40.009497869018190385759 22.14240083547671389
41.009497869018190385759 138.30124221349922209 41.009497869018190385759 21.59162103826036727
42.009497869018190385759 138.66487249948622207 42.009497869018190385759 21.02668689354425879
43.009497869018190385759 139.00829133343049193 43.009497869018190385759 20.48042881404074578
44.009497869018190385759 139.33274881397667855 44.009497869018190385759 19.92993874073201965
46.009497869018190385759 139.92922314606082068 46.009497869018190385759 18.86805564181302941
48.009497869018190385759 140.46235070287480085 48.009497869018190385759 17.85302063041768150
50.009497869018218807469 140.93898233553349542 50.009497869018218807469 16.87035719663625599
52.009497869018190385759 141.36567824688100359 52.009497869018190385759 15.92510543473822260
54.009497869018190385759 141.74781942054437422 54.009497869018190385759 15.02490558178027946
56.009497869018190385759 142.09038526607270114 56.009497869018190385759 14.16201251779357229
58.009497869018190385759 142.39757509379751355 58.009497869018190385759 13.34012202145487791
60.009497869018190385759 142.67336047801680365 60.009497869018190385759 12.55819962868824291
62.009497869018190385759 142.92092801746031228 62.009497869018190385759 11.81325138286481469
64.009497869018190385759 143.14354711799356323 64.009497869018190385759 11.10511773056366991
66.009497869018218807469 143.34366060884605076 66.009497869018218807469 10.44028986109052148
68.009497869018190385759 143.52368135373706082 68.009497869018190385759 9.81181310735242462
70.009497869018190385759 143.68573284659609612 70.009497869018190385759 9.20901382159545001
72.009497869018190385759 143.83155454823051400 72.009497869018190385759 8.64804466709176722
74.009497869018218807469 143.96294459212975880 74.009497869018218807469 8.11350483067728945
76.009497869018190385759 144.08137013413536920 76.009497869018190385759 7.60801678983065788
78.009497869018190385759 144.18812662617432352 78.009497869018190385759 7.12912616712613367
80.009497869018218807469 144.28441867399465082 80.009497869018218807469 6.67964606951131046
82.009497869018190385759 144.37125321719494764 82.009497869018190385759 6.25264779870697751
84.009497869018190385759 144.44953362528835328 84.009497869018190385759 5.83623754471627088
86.009497869018218807469 144.52017869432648922 86.009497869018218807469 5.45493731583866204
88.009497869018190385759 144.58393291759043109 88.009497869018190385759 5.08329303002056498
91.009497869018190385759 144.66808572773157948 91.009497869018190385759 4.56911175601487685
94.009497869018190385759 144.74032222449872620 94.009497869018190385759 4.09085646216380816
97.009497869018190385759 144.80217770352285811 97.009497869018190385759 3.65873862982390730
99.504748934509137825444 144.84681004991560371 99.504748934509137825444 3.10952412126137201
nan nan nan nan

