Time Pressure difference Time.1 Pressure.1 difference.1
(hr) (psi) (hr) (psi)
0.000200000000006639311 0.19842783771570091 0.000200000000006639311 0.15905040440341878
0.000399999999999067768 0.37105178965292535 0.000399999999999067768 0.33903847159547840
0.000600000000019917934 0.52986418755201647 0.000600000000019917934 0.46542750956547524
0.000799999999998135536 0.67881084171878125 0.000799999999998135536 0.58272449959925399
0.001007140329448930061 0.82496120102607229 0.001007140329448930061 0.69634251042706574
0.001267914553963578328 0.99948509419417975 0.001267914553963578328 0.82963356097809271
0.001596209851982166583 1.20701659120662796 0.001596209851982166583 0.98424198980851818
0.002009509145210586212 1.45273784097342484 0.002009509145210586212 1.16261253749897930
0.002529822128153114136 1.74240839243881229 0.002529822128153114136 1.36731993375757788
0.003184857364431081805 2.08239557558032740 0.003184857364431081805 1.60107974009677845
0.004009497869020606231 2.47970874860229706 0.004009497869020606231 1.86677296207865195
0.005047658755856332391 2.94204091870247009 0.005047658755856332391 2.16748619573503420
0.006354625877790454069 3.47782134415313671 0.006354625877790454069 2.50656563889835748
0.007999999999995566213 4.09628184091806169 0.007999999999995566213 2.88768085296814414
0.010071403294347192059 4.80753848434944508 0.010071403294347192059 3.31490052558005033
0.012679145539706837553 5.62269243469708524 0.012679145539706837553 3.79280091829284549
0.015962098519764822413 6.55396105685923214 0.015962098519764822413 4.32663349257587004
0.020095091452077440408 7.61485519709851566 0.020095091452077440408 4.92251815396840620
0.025298221281346400247 8.82039823987654970 0.025298221281346400247 5.58748571410329120
0.031848573644282396344 10.18732146181652709 0.031848573644282396344 6.32907538347385401
0.040094978690177640601 11.73409572294282022 0.040094978690177640601 7.15427718935407952
0.050476587558421215363 13.48063718073312067 0.050476587558421215363 8.06793699773549733
0.063546258777947173257 15.44760121639655459 0.063546258777947173257 9.07125090027727765
0.079999999999998294697 17.65539078761820946 0.079999999999998294697 10.16111445202026786
0.100714032943528764008 20.12314564849919662 0.100714032943528764008 11.33046304393869619
0.126791455396883634421 22.86790103883902248 0.126791455396883634421 12.57013104137865867
0.159620985197506115583 25.90442416800515346 0.159620985197506115583 13.87196738520200867
0.200950914520774404082 29.24579476468928263 0.200950914520774404082 15.22925699795661281
0.252982212813464002465 32.90341981237881441 0.252982212813464002465 16.63989319619966878
0.318485736442795541734 36.88904904028672149 0.318485736442795541734 18.11084196584328510
0.400949786901833249431 41.21680648232098321 0.400949786901833249431 19.64783425034696052
0.504765875584169521062 45.90042860738071084 0.504765875584169521062 21.26756991302010036
0.635462587779429100010 50.96082212772195419 0.635462587779429100010 22.98918706816072799
0.800000000000011368684 56.41931590078607428 0.800000000000011368684 24.83941404976944867
1.007140329435344483500 62.30741686377385236 1.007140329435344483500 26.84589845137475805
1.267914553968893187630 68.65688217357796930 1.267914553968893187630 29.02796200271764349
1.596209851975103788391 75.50499032114471731 1.596209851975103788391 31.40020817303593503
2.009509145207672986544 82.88607356465068676 2.009509145207672986544 33.94623645560999847
2.529822128134725289783 90.82458993026469329 2.529822128134725289783 36.61816139784745872
3.184857364427998049905 99.32637922136272834 3.184857364427998049905 39.33390049902091334
4.009497869018190385759 108.37060731674156955 4.009497869018190385759 41.98504181876889874
5.009497869018204596614 117.58322734073405513 5.009497869018204596614 44.37367068534597792
6.009497869018190385759 125.39848774651470364 6.009497869018190385759 46.12805512285861198
7.009497869018190385759 132.16608562806288774 7.009497869018190385759 47.41608906460761119
8.009497869018204596614 138.11170876868320079 8.009497869018204596614 48.34564098126755027
9.009497869018190385759 143.39393574973112777 9.009497869018190385759 48.98877548883449862
10.009497869018190385759 148.13076351917595730 10.009497869018190385759 49.40595203617041875
11.009497869018204596614 152.40898712290751860 11.009497869018204596614 49.70133851324991525
12.009497869018190385759 156.29683187342510564 12.009497869018190385759 49.85593370886562781
13.009497869018190385759 159.84809611927806827 13.009497869018190385759 49.89682968968035937
14.009497869018204596614 163.10631588204819309 14.009497869018204596614 49.84407176189527178
15.009497869018190385759 166.10731652035579486 15.009497869018190385759 49.70013794914104466
16.009497869018190385759 168.88106372775297359 16.009497869018190385759 49.47034102851547743
17.009497869018190385759 171.44979844520614165 17.009497869018190385759 49.12020546203029880
18.009497869018204596614 173.83386180791566744 18.009497869018204596614 48.71505175509707186
19.009497869018190385759 176.05013964398256121 19.009497869018190385759 48.18273031412996232
20.009497869018190385759 178.11246801919651261 20.009497869018190385759 47.65886355539364416
21.009497869018204596614 180.03310680274501010 21.009497869018204596614 47.09957719154637346
22.009497869018190385759 181.82558549508524948 22.009497869018190385759 46.51334544549194305
23.009497869018190385759 183.50383406710309941 23.009497869018190385759 45.88573574174203173
24.009497869018204596614 185.07721020095306130 24.009497869018204596614 45.25624352050092369
25.009497869018190385759 186.55418031675483803 25.009497869018190385759 44.59269780517703907
26.009497869018190385759 187.94241561726158807 26.009497869018190385759 43.82966157772783333
27.009497869018204596614 189.24818570012723740 27.009497869018204596614 43.04965532505359249
28.009497869018190385759 190.47329818226447173 28.009497869018190385759 42.23802585292925471
29.009497869018190385759 191.62083338177691871 29.009497869018190385759 41.41555766604950151
30.009497869018190385759 192.69688379113566157 30.009497869018190385759 40.59134825620267861
31.009497869018190385759 193.70401895274829940 31.009497869018190385759 39.74476565726956068
32.009497869018190385759 194.65100808882937145 32.009497869018190385759 38.89473538690506160
33.009497869018190385759 195.54488654928641722 33.009497869018190385759 38.05894992151502265
34.009497869018190385759 196.38917437309959269 34.009497869018190385759 37.21621642535416896
35.009497869018190385759 197.18610835104641410 35.009497869018190385759 36.33967403683220709
36.009497869018190385759 197.93870979989725356 36.009497869018190385759 35.52407363242219418
37.009497869018190385759 198.64872815074207324 37.009497869018190385759 34.71409103441753530
38.009497869018190385759 199.31778452417131575 38.009497869018190385759 33.89703678433354384
39.009497869018190385759 199.94736756947938261 39.009497869018190385759 33.06341116088425025
40.009497869018190385759 200.54110494278208421 40.009497869018190385759 32.19685835770847859
41.009497869018190385759 201.10129607575143496 41.009497869018190385759 31.39597957093982572
42.009497869018190385759 201.63004419568150638 42.009497869018190385759 30.57451920744956197
43.009497869018190385759 202.12940321442695790 43.009497869018190385759 29.78021536735516506
44.009497869018190385759 202.60119087746608102 44.009497869018190385759 28.97975786279910793
46.009497869018190385759 203.46851324809867378 46.009497869018190385759 27.43569315263629704
48.009497869018190385759 204.24372423632306095 48.009497869018190385759 25.95974938606652671
50.009497869018218807469 204.93678553891351157 50.009497869018218807469 24.53087653592516659
52.009497869018190385759 205.55723622633203718 52.009497869018190385759 23.15640331071629276
54.009497869018190385759 206.11290068803643294 54.009497869018190385759 21.84743923881315908
56.009497869018190385759 206.61101939199346589 56.009497869018190385759 20.59272228352636347
58.009497869018190385759 207.05769847822597285 58.009497869018190385759 19.39762640874816313
60.009497869018190385759 207.45871293997342377 60.009497869018190385759 18.26064741926606771
62.009497869018190385759 207.81869635191932844 62.009497869018190385759 17.17743185773710479
64.009497869018190385759 208.14240269708247411 64.009497869018190385759 16.14774772046247975
66.009497869018218807469 208.43338404857715318 66.009497869018218807469 15.18103372658570471
68.009497869018190385759 208.69514890721970346 68.009497869018190385759 14.26717722242572250
70.009497869018190385759 208.93078500653004426 70.009497869018190385759 13.39065785283012033
72.009497869018190385759 209.14282166451889111 72.009497869018190385759 12.57496290878139433
74.009497869018218807469 209.33387351406625498 74.009497869018218807469 11.79769835072973372
76.009497869018190385759 209.50607391953354863 76.009497869018190385759 11.06267747500886323
78.009497869018190385759 209.66130657377391344 78.009497869018190385759 10.36633141648442979
80.009497869018218807469 209.80132307188000595 80.009497869018218807469 9.71275066229961048
82.009497869018190385759 209.92758758622733239 82.009497869018190385759 9.09186031954841134
84.009497869018190385759 210.04141368983252391 84.009497869018190385759 8.48636581757213015
86.009497869018218807469 210.14413738715842328 86.009497869018218807469 7.93192415823478836
88.009497869018190385759 210.23684123221059394 88.009497869018190385759 7.39152302834622965
91.009497869018190385759 210.35920628777296315 91.009497869018190385759 6.64386148196040693
94.009497869018190385759 210.46424405092926690 94.009497869018190385759 5.94843924345247554
97.009497869018190385759 210.55418696685723035 97.009497869018190385759 5.32010464030517127
99.504748934509137825444 210.61908604196915462 99.504748934509137825444 4.52150191101781207
nan nan nan nan

