Time Pressure difference Time.1 Pressure.1 difference.1
(hr) (psi) (hr) (psi)
0.000200000000006639311 0.23184726301518738 0.000200000000006639311 0.18583784093452088
0.000399999999999067768 0.43354472264710225 0.000399999999999067768 0.39613968786419057
0.000600000000019917934 0.61910447177130334 0.000600000000019917934 0.54381530065018691
0.000799999999998135536 0.79313687821878653 0.000799999999998135536 0.68086757321597036
0.001007140329448930061 0.96390203488309489 0.001007140329448930061 0.81362124902530841
0.001267914553963578328 1.16781942584793597 0.001267914553963578328 0.96936131861650832
0.001596209851982166583 1.41030359604142830 0.001596209851982166583 1.15000906177626860
0.002009509145210586212 1.69740947734789649 0.002009509145210586212 1.35842096486722874
0.002529822128153114136 2.03586664800745432 0.002529822128153114136 1.59760539628516995
0.003184857364431081805 2.43311483041490861 0.003184857364431081805 1.87073527527097272
0.004009497869020606231 2.89734390626163130 0.004009497869020606231 2.18117682937610935
0.005047658755856332391 3.43754254711551743 0.005047658755856332391 2.53253650238514538
0.006354625877790454069 4.06355967579998101 0.006354625877790454069 2.92872406229176541
0.007999999999995566213 4.78618194044110279 0.007999999999995566213 3.37402710188909438
0.010071403294347192059 5.61722917645040365 0.010071403294347192059 3.87319956146721633
0.012679145539706837553 6.56967221317238348 0.012679145539706837553 4.43158844137374519
0.015962098519764822413 7.65778607696184022 0.015962098519764822413 5.05532965974654225
0.020095091452077440408 8.89735712503089715 0.020095091452077440408 5.75157384305782227
0.025298221281346400247 10.30593899606628305 0.025298221281346400247 6.52853593963647683
0.031848573644282396344 11.90308086591194225 0.031848573644282396344 7.39502492174313542
0.040094978690177640601 13.71036447628055832 0.040094978690177640601 8.35920808440318730
0.050476587558421215363 15.75106028485659593 0.050476587558421215363 9.42674743945936910
0.063546258777947173257 18.04930247389492237 0.063546258777947173257 10.59904052558713516
0.079999999999998294697 20.62893028869074996 0.079999999999998294697 11.87246004393947096
0.100714032943528764008 23.51230702087800850 0.100714032943528764008 13.23875155660205571
0.126791455396883634421 26.71933700327506500 0.126791455396883634421 14.68720574308453841
0.159620985197506115583 30.26727455419549528 0.159620985197506115583 16.20829873428866108
0.200950914520774404082 34.17140230400536893 0.200950914520774404082 17.79418449234930577
0.252982212813464002465 38.44504841235840331 0.252982212813464002465 19.44240152398066357
0.318485736442795541734 43.10194151022974296 0.318485736442795541734 21.16108903377478612
0.400949786901833249431 48.15858441618556895 0.400949786901833249431 22.95694317672118245
0.504765875584169521062 53.63102710967640974 0.504765875584169521062 24.84947642468664597
0.635462587779429100010 59.54369743344354049 0.635462587779429100010 26.86105015332464063
0.800000000000011368684 65.92151647355004229 0.800000000000011368684 29.02289431078325066
1.007140329435344483500 72.80129759872522754 1.007140329435344483500 31.36731292739577626
1.267914553968893187630 80.22014653965425168 1.267914553968893187630 33.91688191896481896
1.596209851975103788391 88.22162026996907969 1.596209851975103788391 36.68866428638935417
2.009509145207672986544 96.84583332290763735 2.009509145207672986544 39.66349733234431341
2.529822128134725289783 106.12136297115138461 2.529822128134725289783 42.78543068590597898
3.184857364427998049905 116.05503256390804268 3.184857364427998049905 45.95855742517180431
4.009497869018190385759 126.62249907535067450 4.009497869018190385759 49.05620675666681763
5.009497869018204596614 137.38671826127875875 5.009497869018204596614 51.84713101129899115
6.009497869018190385759 146.51823305119086172 6.009497869018190385759 53.89699072249795364
7.009497869018190385759 154.42563689173664443 7.009497869018190385759 55.40195669654152510
8.009497869018204596614 161.37262814025089597 8.009497869018204596614 56.48806472548103130
9.009497869018190385759 167.54449334968586527 9.009497869018190385759 57.23951662379609928
10.009497869018190385759 173.07910263819505303 10.009497869018190385759 57.72695448436754617
11.009497869018204596614 178.07786916466037042 11.009497869018204596614 58.07209026284990472
12.009497869018190385759 182.62050882052827205 12.009497869018190385759 58.25272254404298877
13.009497869018190385759 186.76988072884066128 13.009497869018190385759 58.30050626899494404
14.009497869018204596614 190.57685329376155892 14.009497869018204596614 58.23886279547763678
15.009497869018190385759 194.08328561852098915 15.009497869018190385759 58.07068749847006472
16.009497869018190385759 197.32419025032189097 16.009497869018190385759 57.80218793858124116
17.009497869018190385759 200.32555397281981868 17.009497869018190385759 57.39308217142487933
18.009497869018204596614 203.11114379661725593 18.009497869018204596614 56.91969205069236892
19.009497869018190385759 205.70068947875856225 19.009497869018190385759 56.29771647229921427
20.009497869018190385759 208.11035736979803801 20.009497869018190385759 55.68561952261783432
21.009497869018204596614 210.35447215899679918 21.009497869018204596614 55.03213756064891982
22.009497869018190385759 212.44884199952068116 22.009497869018190385759 54.34717204683795444
23.009497869018190385759 214.40974296261521204 23.009497869018190385759 53.61385965614068994
24.009497869018204596614 216.24810876111354219 24.009497869018204596614 52.87834769237475996
25.009497869018190385759 217.97383173852406912 25.009497869018190385759 52.10304690920685999
26.009497869018190385759 219.59587508964247604 26.009497869018190385759 51.21149931713463133
27.009497869018204596614 221.12156434435920005 27.009497869018204596614 50.30012359032577507
28.009497869018190385759 222.55301156033007715 28.009497869018190385759 49.35179862815943608
29.009497869018190385759 223.89381584607616560 29.009497869018190385759 48.39080948348941291
30.009497869018190385759 225.15109579806377837 30.009497869018190385759 47.42778585724733631
31.009497869018190385759 226.32785372373749055 31.009497869018190385759 46.43862092586233103
32.009497869018190385759 227.43433576694800990 32.009497869018190385759 45.44542766259432653
33.009497869018190385759 228.47876217863992565 33.009497869018190385759 44.46887832934913121
34.009497869018190385759 229.46524584646374478 34.009497869018190385759 43.48421077067697382
35.009497869018190385759 230.39640028385423420 35.009497869018190385759 42.46004019040394439
36.009497869018190385759 231.27575566093258885 36.009497869018190385759 41.50707550735646123
37.009497869018190385759 232.10535604981441793 37.009497869018190385759 40.56067478758259881
38.009497869018190385759 232.88709560192648951 38.009497869018190385759 39.60601140064235182
39.009497869018190385759 233.62271368644434233 39.009497869018190385759 38.63198567219107815
40.009497869018190385759 234.31644893314538081 40.009497869018190385759 37.61948713374359698
41.009497869018190385759 234.97098804640430103 41.009497869018190385759 36.68372349867705395
42.009497869018190385759 235.58878848126997241 42.009497869018190385759 35.72391191607264460
43.009497869018190385759 236.17225007159365191 43.009497869018190385759 34.79583058712024268
44.009497869018190385759 236.72349670946039168 44.009497869018190385759 33.86055918706000512
46.009497869018190385759 237.73689442672579730 46.009497869018190385759 32.05644147308030512
48.009497869018190385759 238.64266726559850440 48.009497869018190385759 30.33191770371983509
50.009497869018218807469 239.45245468230947949 50.009497869018218807469 28.66239258408098323
52.009497869018190385759 240.17740232760903041 52.009497869018190385759 27.05642913146851214
54.009497869018190385759 240.82665238286361387 54.009497869018190385759 25.52700795271853451
56.009497869018190385759 241.40866476327656187 56.009497869018190385759 24.06097024706764742
58.009497869018190385759 241.93057401140089269 58.009497869018190385759 22.66459506706364380
60.009497869018190385759 242.39912775091630692 60.009497869018190385759 21.33612487935298319
62.009497869018190385759 242.81973994803206551 62.009497869018190385759 20.07047301272440620
64.009497869018190385759 243.19796525659108966 64.009497869018190385759 18.86736838917194703
66.009497869018218807469 243.53795399360069496 66.009497869018218807469 17.73783940685277116
68.009497869018190385759 243.84380556527779049 68.009497869018190385759 16.67007022830794583
70.009497869018190385759 244.11912774447193897 70.009497869018190385759 15.64592654383308812
72.009497869018190385759 244.36687583959573544 72.009497869018190385759 14.69285139868142132
74.009497869018218807469 244.59010484275106023 74.009497869018218807469 13.78467912558947717
76.009497869018190385759 244.79130742177076741 76.009497869018190385759 12.92586526027351468
78.009497869018190385759 244.97268452304109587 78.009497869018190385759 12.11223986557654442
80.009497869018218807469 245.13628274714395161 80.009497869018218807469 11.34858235279217631
82.009497869018190385759 245.28381286390774108 82.009497869018190385759 10.62312100494603939
84.009497869018190385759 245.41680967969904259 84.009497869018190385759 9.91564848158427736
86.009497869018218807469 245.53683421025877465 86.009497869018218807469 9.26782717435854408
88.009497869018190385759 245.64515133447767425 88.009497869018190385759 8.63641111733085864
91.009497869018190385759 245.78812524150313834 91.009497869018190385759 7.76282762629058087
94.009497869018190385759 245.91085357529627231 94.009497869018190385759 6.95028164234973467
97.009497869018190385759 246.01594477180159970 97.009497869018190385759 6.21612226393551559
99.504748934509137825444 246.09177421745872039 99.504748934509137825444 5.28301802234712703
nan nan nan nan

