Time Pressure difference Time.1 Pressure.1 difference.1
(hr) (psi) (hr) (psi)
0.000200000000006639311 0.56604151601005204 0.000200000000006639311 0.45371220624554198
0.000399999999999067768 1.05847405258887117 0.000399999999999067768 0.96715185055131203
0.000600000000019917934 1.51150731396417304 0.000600000000019917934 1.32769321149730324
0.000799999999998135536 1.93639724321883899 0.000799999999998135536 1.66229830938313494
0.001007140329448930061 2.35331037345332161 0.001007140329448930061 1.98640863500773501
0.001267914553963578328 2.85116274238550149 0.001267914553963578328 2.36663889500066427
0.001596209851982166583 3.44317364438943319 0.001596209851982166583 2.80767978145377306
0.002009509145210586212 4.14412584109261228 0.002009509145210586212 3.31650523854972024
0.002529822128153114136 4.97044920369387455 0.002529822128153114136 3.90046002156109095
0.003184857364431081805 5.94030737876072301 0.003184857364431081805 4.56729062701291522
0.004009497869020606231 7.07369548285497363 0.004009497869020606231 5.32521550235068020
0.005047658755856332391 8.39255883124599222 0.005047658755856332391 6.18303956888625539
0.006354625877790454069 9.92094299226842047 0.006354625877790454069 7.15030829622584108
0.007999999999995566213 11.68518293567152355 0.007999999999995566213 8.23748959109859946
0.010071403294347192059 13.71413609745999551 0.010071403294347192059 9.45618992033887906
0.012679145539706837553 16.03946999792536943 0.012679145539706837553 10.81946367218274752
0.015962098519764822413 18.69603627798791479 0.015962098519764822413 12.34229133145327140
0.020095091452077440408 21.72237640435471562 0.020095091452077440408 14.04213073395198030
0.025298221281346400247 25.16134655796362907 0.025298221281346400247 15.93903819496833485
0.031848573644282396344 29.06067490686609744 0.031848573644282396344 18.05452030443594325
0.040094978690177640601 33.47305200965793404 0.040094978690177640601 20.40851703489426683
0.050476587558421215363 38.45529132609132006 0.050476587558421215363 23.01485185669810107
0.063546258777947173257 44.06631504887859307 0.063546258777947173257 25.87693677868571029
0.079999999999998294697 50.36432529941615854 0.079999999999998294697 28.98591596313149665
0.100714032943528764008 57.40392074466613082 0.100714032943528764008 32.32163668323565275
0.126791455396883634421 65.23369664763552578 0.126791455396883634421 35.85795276014333410
0.159620985197506115583 73.89577841609890640 0.159620985197506115583 39.57161222515520649
0.200950914520774404082 83.42747769716628170 0.200950914520774404082 43.44345943627623541
0.252982212813464002465 93.86133441215430651 0.252982212813464002465 47.46748480179063279
0.318485736442795541734 105.23086620966000737 0.318485736442795541734 51.66355971308978923
0.400949786901833249431 117.57636375483143354 0.400949786901833249431 56.04803244046342314
0.504765875584169521062 130.93701213263338445 0.504765875584169521062 60.66854154135208432
0.635462587779429100010 145.37245049065944613 0.635462587779429100010 65.57968100496375996
0.800000000000011368684 160.94352220118975083 0.800000000000011368684 70.85769692092127059
1.007140329435344483500 177.74010494823906470 1.007140329435344483500 76.58145768760589078
1.267914553968893187630 195.85279020041716080 1.267914553968893187630 82.80608108143664481
1.596209851975103788391 215.38791975821280289 1.596209851975103788391 89.57322541992354559
2.009509145207672986544 236.44343090547724273 2.009509145207672986544 96.83610609968745564
2.529822128134725289783 259.08909338001825517 2.529822128134725289783 104.45812356649118158
3.184857364427998049905 283.34156598936107230 3.184857364427998049905 112.20512668668069978
4.009497869018190385759 309.14141666144178089 4.009497869018190385759 119.76785613564601363
5.009497869018204596614 335.42162746672556750 5.009497869018204596614 126.58173427082907381
6.009497869018190385759 357.71568609795252769 6.009497869018190385759 131.58634671889140577
7.009497869018190385759 377.02114952847415452 7.009497869018190385759 135.26063301588067134
8.009497869018204596614 393.98182185592781934 8.009497869018204596614 137.91230216761584870
9.009497869018190385759 409.05006934923306972 9.009497869018190385759 139.74692797341211303
10.009497869018190385759 422.56249382838609563 10.009497869018190385759 140.93697896633878486
11.009497869018204596614 434.76668958218886019 11.009497869018204596614 141.77960775884977807
12.009497869018190385759 445.85727829156002144 12.009497869018190385759 142.22061089581666238
13.009497869018190385759 455.98772682446684712 13.009497869018190385759 142.33727206214081207
14.009497869018204596614 465.28222741089535930 14.009497869018204596614 142.18677313130126549
15.009497869018190385759 473.84297660017284670 15.009497869018190385759 141.77618299176026539
16.009497869018190385759 481.75545547601109320 16.009497869018190385759 141.12065703923889259
17.009497869018190385759 489.08310924895653216 17.009497869018190385759 140.12184926537065621
18.009497869018204596614 495.88396368363311240 18.009497869018204596614 138.96609500664533243
19.009497869018190385759 502.20618782651865786 19.009497869018190385759 137.44757805399177641
20.009497869018190385759 508.08925087581314983 20.009497869018190385759 135.95317919485975722
21.009497869018204596614 513.56812572151477525 21.009497869018204596614 134.35774125167441184
22.009497869018190385759 518.68140704387485584 22.009497869018190385759 132.68543806029808252
23.009497869018190385759 523.46883191773622457 23.009497869018190385759 130.89509880012727194
24.009497869018204596614 527.95709436271874893 24.009497869018204596614 129.09938941111317945
25.009497869018190385759 532.17034595621646531 25.009497869018190385759 127.20653794950501947
26.009497869018190385759 536.13046981345144104 26.009497869018190385759 125.02987671120254731
27.009497869018204596614 539.85535078667874131 27.009497869018204596614 122.80480624304762216
28.009497869018190385759 543.35014534098604599 28.009497869018190385759 120.48952638046134211
29.009497869018190385759 546.62364048906897551 29.009497869018190385759 118.14332765788857671
30.009497869018190385759 549.69321586734497487 30.009497869018190385759 115.79216186769394881
31.009497869018190385759 552.56620143362943054 31.009497869018190385759 113.37717361179001330
32.009497869018190385759 555.26761254813436608 32.009497869018190385759 110.95235041948704691
33.009497869018190385759 557.81751847217492468 33.009497869018190385759 108.56816240769022386
34.009497869018190385759 560.22596058010515208 34.009497869018190385759 106.16415422390504375
35.009497869018190385759 562.49931961193237839 35.009497869018190385759 103.66370172612134581
36.009497869018190385759 564.64621427128588493 36.009497869018190385759 101.33709425669910331
37.009497869018190385759 566.67163504053792167 37.009497869018190385759 99.02651231923317710
38.009497869018190385759 568.58020637947822706 38.009497869018190385759 96.69575756373043873
39.009497869018190385759 570.37617485609382584 39.009497869018190385759 94.31773078525930032
40.009497869018190385759 572.06988883677831836 40.009497869018190385759 91.84577489409471696
41.009497869018190385759 573.66790775293304705 41.009497869018190385759 89.56116277604938603
42.009497869018190385759 575.17623133715460426 42.009497869018190385759 87.21783900230349218
43.009497869018190385759 576.60071864326005198 43.009497869018190385759 84.95198278477104736
44.009497869018190385759 577.94655502940327096 44.009497869018190385759 82.66857242966904096
46.009497869018190385759 580.42070621299728828 46.009497869018190385759 78.26392467752039295
48.009497869018190385759 582.63209755835305259 48.009497869018190385759 74.05360088025292953
50.009497869018218807469 584.60914611626913029 50.009497869018218807469 69.97755306563915667
52.009497869018190385759 586.37906334037882061 52.009497869018190385759 66.05668733899068457
54.009497869018190385759 587.96416933113550840 54.009497869018190385759 62.32269509177228173
56.009497869018190385759 589.38511847610766381 56.009497869018190385759 58.74344988248047628
58.009497869018190385759 590.65932934314980685 58.009497869018190385759 55.33428165021845047
60.009497869018190385759 591.80327586034525211 60.009497869018190385759 52.09089948022215566
62.009497869018190385759 592.83017590915937944 62.009497869018190385759 49.00088456259742031
64.009497869018190385759 593.75359085167735884 64.009497869018190385759 46.06357507626665182
66.009497869018218807469 594.58365344383594220 66.009497869018218807469 43.30589620952343211
68.009497869018190385759 595.33037214585829133 68.009497869018190385759 40.69900028713021811
70.009497869018190385759 596.00255512389105661 70.009497869018190385759 38.19861345386276241
72.009497869018190385759 596.60741759036432086 72.009497869018190385759 35.87173629768166450
74.009497869018218807469 597.15241812959948220 74.009497869018218807469 33.65448687418692231
76.009497869018190385759 597.64364244414309724 76.009497869018190385759 31.55774311292002210
78.009497869018190385759 598.08646401571297702 78.009497869018190385759 29.57132435649768709
80.009497869018218807469 598.48587949978400502 80.009497869018218807469 27.70689925771783280
82.009497869018190385759 598.84606564071168577 82.009497869018190385759 25.93572785892231281
84.009497869018190385759 599.17076957836445672 84.009497869018190385759 24.20847512170575655
86.009497869018218807469 599.46380244126237358 86.009497869018218807469 22.62685733559608181
88.009497869018190385759 599.72825235714810788 88.009497869018190385759 21.08529200717713792
91.009497869018190385759 600.07731477880497550 91.009497869018190385759 18.95248906959232116
94.009497869018190385759 600.37694881896663901 94.009497869018190385759 16.96870563132232590
97.009497869018190385759 600.63352282124537851 97.009497869018190385759 15.17629850023896054
99.504748934509137825444 600.81865597235412224 99.504748934509137825444 12.89817913564028373
nan nan nan nan

