Time Pressure difference Time.1 Pressure.1 difference.1
(hr) (psi) (hr) (psi)
0.000200000000006639311 0.20956764614886303 0.000200000000006639311 0.16797954991378614
0.000399999999999067768 0.39188276731765098 0.000399999999999067768 0.35807221035171577
0.000600000000019917934 0.55961094895844543 0.000600000000019917934 0.49155677326037911
0.000799999999998135536 0.71691952055211627 0.000799999999998135536 0.61543885747149274
0.001007140329448930061 0.87127481231174642 0.001007140329448930061 0.73543542329314671
0.001267914553963578328 1.05559653807876530 0.001267914553963578328 0.87620948019089795
0.001596209851982166583 1.27477892615156119 0.001596209851982166583 1.03949768046443514
0.002009509145210586212 1.53429505309824887 0.002009509145210586212 1.22788201328839564
0.002529822128153114136 1.84022781096169274 0.002529822128153114136 1.44408175460010857
0.003184857364431081805 2.19930199385852099 0.003184857364431081805 1.69096491848817654
0.004009497869020606231 2.61892046782207499 0.004009497869020606231 1.97157425117780449
0.005047658755856332391 3.10720812817348557 0.005047658755856332391 2.28916963128507112
0.006354625877790454069 3.67306745470208496 0.006354625877790454069 2.64728511336282724
0.007999999999995566213 4.32624854075907539 0.007999999999995566213 3.04979626927512770
0.010071403294347192059 5.07743538171643127 0.010071403294347192059 3.50100020420910552
0.012679145539706837553 5.93835236085551887 0.012679145539706837553 4.00573009265314539
0.015962098519764822413 6.92190273022676816 0.015962098519764822413 4.56953221496609441
0.020095091452077440408 8.04235583974264401 0.020095091452077440408 5.19887005033154548
0.025298221281346400247 9.31557849193979237 0.025298221281346400247 5.90116912261435278
0.031848573644282396344 10.75924126318166785 0.031848573644282396344 6.68439189623028174
0.040094978690177640601 12.39285197405539840 0.040094978690177640601 7.55592082103711515
0.050476587558421215363 14.23744488210761183 0.050476587558421215363 8.52087381164345281
0.063546258777947173257 16.31483496889601170 0.063546258777947173257 9.58051410871389564
0.079999999999998294697 18.64657062130905985 0.079999999999998294697 10.73156298265999986
0.100714032943528764008 21.25286610595879822 0.100714032943528764008 11.96655921482648388
0.126791455396883634421 24.15171302698436762 0.126791455396883634421 13.27582260861395369
0.159620985197506115583 27.35870763006859718 0.159620985197506115583 14.65074450156422436
0.200950914520774404082 30.88766394446131613 0.200950914520774404082 16.08423282942084143
0.252982212813464002465 34.75062934570534878 0.252982212813464002465 17.57406263879333252
0.318485736442795541734 38.96001319693439768 0.318485736442795541734 19.12759098848711758
0.400949786901833249431 43.53073246027584275 0.400949786901833249431 20.75087055913836664
0.504765875584169521062 48.47729477481261284 0.504765875584169521062 22.46153875024228697
0.635462587779429100010 53.82178056296248059 0.635462587779429100010 24.27980809654870242
0.800000000000011368684 59.58671609170740169 0.800000000000011368684 26.23390747010738266
1.007140329435344483500 65.80537710875763935 1.007140329435344483500 28.35303661004843079
1.267914553968893187630 72.51130362893673009 1.267914553968893187630 30.65760197480003413
1.596209851975103788391 79.74386697075283337 1.596209851975103788391 33.16302687748707712
2.009509145207672986544 87.53932681740300836 2.009509145207672986544 35.85199008118809871
2.529822128134725289783 95.92351427722691426 2.529822128134725289783 38.67391782720029880
3.184857364427998049905 104.90259700221116645 3.184857364427998049905 41.54211947440454367
4.009497869018190385759 114.45457123627794260 4.009497869018190385759 44.34209679806820503
5.009497869018204596614 124.18439098091562300 5.009497869018204596614 46.86482412733032277
6.009497869018190385759 132.43840284807342300 6.009497869018190385759 48.71770032273839490
7.009497869018190385759 139.58593604928748277 7.009497869018190385759 50.07804494191891109
8.009497869018204596614 145.86534855920578480 8.009497869018204596614 51.05978222933870825
9.009497869018190385759 151.44412161638271641 9.009497869018190385759 51.73902253382170358
10.009497869018190385759 156.44687655884899868 10.009497869018190385759 52.17961951890279693
11.009497869018204596614 160.96528113682512640 11.009497869018204596614 52.49158909644991411
12.009497869018190385759 165.07139085579282778 12.009497869018190385759 52.65486332059141006
13.009497869018190385759 168.82202432246558033 13.009497869018190385759 52.69805521611856136
14.009497869018204596614 172.26316168595263889 14.009497869018204596614 52.64233543975606011
15.009497869018190385759 175.43263955307750734 15.009497869018190385759 52.49032113225072038
16.009497869018190385759 178.36210590194261272 16.009497869018190385759 52.24762333187072727
17.009497869018190385759 181.07505028774406242 17.009497869018190385759 51.87783103182849942
18.009497869018204596614 183.59295580414956817 18.009497869018204596614 51.44993185362883281
19.009497869018190385759 185.93365625557453313 19.009497869018190385759 50.88772570018637253
20.009497869018190385759 188.11176446939703055 20.009497869018190385759 50.33444887780170518
21.009497869018204596614 190.14022858816230155 21.009497869018204596614 49.74376398124722698
22.009497869018190385759 192.03333766323041232 22.009497869018190385759 49.12462097927394922
23.009497869018190385759 193.80580369894050818 23.009497869018190385759 48.46177704654158447
24.009497869018204596614 195.46750972100653598 24.009497869018204596614 47.79694491112553578
25.009497869018190385759 197.02739745734459120 25.009497869018190385759 47.09614750652031034
26.009497869018190385759 198.49356877472189353 26.009497869018190385759 46.29027415753009222
27.009497869018204596614 199.87264524820454881 27.009497869018204596614 45.46647808014432002
28.009497869018190385759 201.16653597495300687 28.009497869018190385759 44.60928344467264850
29.009497869018190385759 202.37849420321001048 29.009497869018190385759 43.74064160519613864
30.009497869018190385759 203.51495446011170998 30.009497869018190385759 42.87016078988423118
31.009497869018190385759 204.57863054307802031 31.009497869018190385759 41.97605074680048887
32.009497869018190385759 205.57878398153556532 32.009497869018190385759 41.07829947880148325
33.009497869018190385759 206.52284509240425336 33.009497869018190385759 40.19559272412639928
34.009497869018190385759 207.41453153088764338 34.009497869018190385759 39.30554787379509918
35.009497869018190385759 208.25620566198236361 35.009497869018190385759 38.37979608802278619
36.009497869018190385759 209.05105842024235585 36.009497869018190385759 37.51840759073361653
37.009497869018190385759 209.80093745043285480 37.009497869018190385759 36.66295228547255647
38.009497869018190385759 210.50755488342304034 38.009497869018190385759 35.80002832310315597
39.009497869018190385759 211.17248294180103585 39.009497869018190385759 34.91960266465319052
40.009497869018190385759 211.79955293956984974 40.009497869018190385759 34.00440128305352516
41.009497869018190385759 212.39119339930238084 41.009497869018190385759 33.15856088018556846
42.009497869018190385759 212.94962562421099506 42.009497869018190385759 32.29098344365725382
43.009497869018190385759 213.47701883348253205 43.009497869018190385759 31.45208710727685641
44.009497869018190385759 213.97529282146419405 44.009497869018190385759 30.60669163755274269
46.009497869018190385759 214.89130697430772443 46.009497869018190385759 28.97594259278429618
48.009497869018190385759 215.71003857941488491 48.009497869018190385759 27.41713882528429380
50.009497869018218807469 216.44200858671217702 50.009497869018218807469 25.90804855197710310
52.009497869018190385759 217.09729159342438720 52.009497869018190385759 24.45641191763369804
54.009497869018190385759 217.68415125297883606 54.009497869018190385759 23.07396214344828422
56.009497869018190385759 218.21023451575450736 56.009497869018190385759 21.74880493804012715
58.009497869018190385759 218.68199032261762227 58.009497869018190385759 20.48661596151999120
60.009497869018190385759 219.10551787695436587 60.009497869018190385759 19.28580657262837406
62.009497869018190385759 219.48571088395692641 62.009497869018190385759 18.14177890939953741
64.009497869018190385759 219.82759021691865087 64.009497869018190385759 17.05428794336563669
66.009497869018218807469 220.13490736358500044 66.009497869018218807469 16.03330228667472923
68.009497869018190385759 220.41136779323906580 68.009497869018190385759 15.06814155771979635
70.009497869018190385759 220.66023258584399969 70.009497869018190385759 14.14241408316444293
72.009497869018190385759 220.88417305621118203 72.009497869018190385759 13.28092573874807059
74.009497869018218807469 221.08595062362786621 74.009497869018218807469 12.46002527568298213
76.009497869018190385759 221.26781842027929770 76.009497869018190385759 11.68374007009708215
78.009497869018190385759 221.43176589019631706 78.009497869018190385759 10.94830089951513408
80.009497869018218807469 221.57964296363465451 80.009497869018218807469 10.25802789246379909
82.009497869018190385759 221.71299601212081143 82.009497869018190385759 9.60228054801428854
84.009497869018190385759 221.83321235312138242 84.009497869018190385759 8.96279337224284411
86.009497869018218807469 221.94170299485853093 86.009497869018218807469 8.37722516360937419
88.009497869018190385759 222.03961126629960177 88.009497869018190385759 7.80648572467443813
91.009497869018190385759 222.16884593901633593 91.009497869018190385759 7.01685019673713217
94.009497869018190385759 222.27978055905160204 94.009497869018190385759 6.28238670975156221
97.009497869018190385759 222.37477290183872469 97.009497869018190385759 5.61877718151528605
99.504748934509137825444 222.44331543379900040 99.504748934509137825444 4.77534061479425009
nan nan nan nan

