Time Pressure difference Time.1 Pressure.1 difference.1
(hr) (psi) (hr) (psi)
0.000200000000006639311 0.42888262467674299 0.000200000000006639311 0.34377210214914372
0.000399999999999067768 0.80199264009193683 0.000399999999999067768 0.73279894211513930
0.000600000000019917934 1.14525031414751610 0.000600000000019917934 1.00597665225379918
0.000799999999998135536 1.46718413508340073 0.000799999999998135536 1.25950277808119449
0.001007140329448930061 1.78307403449845814 0.001007140329448930061 1.50507714534411408
0.001267914553963578328 2.16029058955654252 0.001267914553963578328 1.79317288969300059
0.001596209851982166583 2.60884989537993928 0.001596209851982166583 2.12734409025279714
0.002009509145210586212 3.13995266680571827 0.002009509145210586212 2.51287481789253064
0.002529822128153114136 3.76604761313090641 0.002529822128153114136 2.95533010243743144
0.003184857364431081805 4.50089710371046170 0.003184857364431081805 3.46057936806882660
0.004009497869020606231 5.35965118996145584 0.004009497869020606231 4.03484963031736665
0.005047658755856332391 6.35893756463411020 0.005047658755856332391 4.68481226867642420
0.006354625877790454069 7.51697525613449891 0.006354625877790454069 5.41769976688206434
0.007999999999995566213 8.85371794387903677 0.007999999999995566213 6.24144352781886536
0.010071403294347192059 10.39103054862897579 0.010071403294347192059 7.16483762721863471
0.012679145539706837553 12.15290715709966562 0.012679145539706837553 8.19777321287155303
0.015962098519764822413 14.16575442465012991 0.015962098519764822413 9.35160081202363536
0.020095091452077440408 16.45877474179889788 0.020095091452077440408 10.63954800998083705
0.025298221281346400247 19.06443970443492475 0.025298221281346400247 12.07681122767588455
0.031848573644282396344 22.01891235255783030 0.031848573644282396344 13.67968574112243552
0.040094978690177640601 25.36211566783430271 0.040094978690177640601 15.46327981979688815
0.050476587558421215363 29.13709650291790609 0.050476587558421215363 17.43806733545637044
0.063546258777947173257 33.38849947122904638 0.063546258777947173257 19.60663352480983690
0.079999999999998294697 38.16042359709760490 0.079999999999998294697 21.96226842962976633
0.100714032943528764008 43.49423761219475182 0.100714032943528764008 24.48970257917977733
0.126791455396883634421 49.42676154359592289 0.126791455396883634421 27.16912533855878564
0.159620985197506115583 55.98991328944271118 0.159620985197506115583 29.98291897994538857
0.200950914520774404082 63.21196342122316025 0.200950914520774404082 32.91656951137289155
0.252982212813464002465 71.11756703307139560 0.252982212813464002465 35.96552353985612172
0.318485736442795541734 79.73212003093549072 0.318485736442795541734 39.14483737178758815
0.400949786901833249431 89.08615015126218850 0.400949786901833249431 42.46689788846921232
0.504765875584169521062 99.20934744612813461 0.504765875584169521062 45.96780023305397833
0.635462587779429100010 110.14689975676043332 0.635462587779429100010 49.68890959293687359
0.800000000000011368684 121.94490735047097019 0.800000000000011368684 53.68799668301046069
1.007140329435344483500 134.67146943187609054 1.007140329435344483500 58.02481910893632033
1.267914553968893187630 148.39522603131237588 1.267914553968893187630 62.74113892517217295
1.596209851975103788391 163.19675100991275940 1.596209851975103788391 67.86852012136888845
2.009509145207672986544 179.15025023096430346 2.009509145207672986544 73.37151458475703691
2.529822128134725289783 196.30858735804579851 2.529822128134725289783 79.14662253008432913
3.184857364427998049905 214.68438456266471803 3.184857364427998049905 85.01643055226975321
4.009497869018190385759 234.23261090215021341 4.009497869018190385759 90.74661670302329242
5.009497869018204596614 254.14480014699009303 5.009497869018204596614 95.90940751639692508
6.009497869018190385759 271.03673141001075919 6.009497869018190385759 99.70134019537159986
7.009497869018190385759 285.66424121714646844 7.009497869018190385759 102.48530127648523091
8.009497869018204596614 298.51513193511880218 8.009497869018204596614 104.49443805073968861
9.009497869018190385759 309.93215586608556578 9.009497869018190385759 105.88451123200719906
10.009497869018190385759 320.17035202741186595 10.009497869018190385759 106.78619808519641765
11.009497869018204596614 329.41731953582814185 11.009497869018204596614 107.42464745319982455
12.009497869018190385759 337.82052082115740177 12.009497869018190385759 107.75879005144288669
13.009497869018190385759 345.49623582272027988 13.009497869018190385759 107.84718276787053526
14.009497869018204596614 352.53856345032170339 14.009497869018204596614 107.73315159764031534
15.009497869018190385759 359.02493675978655574 15.009497869018190385759 107.42205254972240880
16.009497869018190385759 365.02012370630114901 16.009497869018190385759 106.92536867917731058
17.009497869018190385759 370.57219593770872734 17.009497869018190385759 106.16858443723040750
18.009497869018204596614 375.72511885500369999 18.009497869018204596614 105.29288379347296711
19.009497869018190385759 380.51538954629211275 19.009497869018190385759 104.14232236317212710
20.009497869018190385759 384.97291333271948588 20.009497869018190385759 103.01003491271046641
21.009497869018204596614 389.12418873856466917 21.009497869018204596614 101.80119140348269013
22.009497869018190385759 392.99845847358778883 22.009497869018190385759 100.53410805060714495
23.009497869018190385759 396.62583082573871707 23.009497869018190385759 99.17759023478278380
24.009497869018204596614 400.02653152205988363 24.009497869018204596614 97.81700353904761869
25.009497869018190385759 403.21885991270522709 25.009497869018190385759 96.38281350171598660
26.009497869018190385759 406.21939656222150461 26.009497869018190385759 94.73358432238717342
27.009497869018204596614 409.04169260097677352 27.009497869018204596614 93.04767607099303461
28.009497869018190385759 411.68965501850846067 28.009497869018190385759 91.29341728212077101
29.009497869018190385759 414.16994162517397626 29.009497869018190385759 89.51573165714557945
30.009497869018190385759 416.49572075557745165 30.009497869018190385759 87.73428254673981996
31.009497869018190385759 418.67254622769456773 31.009497869018190385759 85.90447594694053635
32.009497869018190385759 420.71937186918910356 32.009497869018190385759 84.06721753801232921
33.009497869018190385759 422.65140391003660625 33.009497869018190385759 82.26074790053773711
34.009497869018190385759 424.47625057483980981 34.009497869018190385759 80.43926076497602651
35.009497869018190385759 426.19874647103364396 35.009497869018190385759 78.54469897083734509
36.009497869018190385759 427.82542188328670818 36.009497869018190385759 76.78185739498972850
37.009497869018190385759 429.36005803809513282 37.009497869018190385759 75.03115816561825113
38.009497869018190385759 430.80615883119133969 38.009497869018190385759 73.26517424262971190
39.009497869018190385759 432.16694183438352184 39.009497869018190385759 71.46337289510420021
40.009497869018190385759 433.45024787632894459 40.009497869018190385759 69.59040262578395186
41.009497869018190385759 434.66104695671185709 41.009497869018190385759 67.85938040596116139
42.009497869018190385759 435.80388499838534244 42.009497869018190385759 66.08387309399624598
43.009497869018190385759 436.88320133363862396 43.009497869018190385759 64.36706198698519188
44.009497869018190385759 437.90292484392671213 44.009497869018190385759 62.63695032801491180
46.009497869018190385759 439.77755845904835041 46.009497869018190385759 59.29960344569809649
48.009497869018190385759 441.45310220903508025 48.009497869018190385759 56.10949340988413780
50.009497869018218807469 442.95108734024819341 50.009497869018218807469 53.02112261799965154
52.009497869018190385759 444.29213163305450962 52.009497869018190385759 50.05033136632012969
54.009497869018190385759 445.49314675028227839 54.009497869018190385759 47.22113182845230028
56.009497869018190385759 446.56978226479992600 56.009497869018190385759 44.50918219877978999
58.009497869018190385759 447.53523600907789159 58.009497869018190385759 41.92609778171532753
60.009497869018190385759 448.40199007376708096 60.009497869018190385759 39.46862740444876749
62.009497869018190385759 449.18005948344676881 62.009497869018190385759 37.12736148900370381
64.009497869018190385759 449.87971951369399903 64.009497869018190385759 34.90179858177152994
66.009497869018218807469 450.50864762780184947 66.009497869018218807469 32.81233956342735070
68.009497869018190385759 451.07442711174508077 68.009497869018190385759 30.83712690882190799
70.009497869018190385759 451.58373180358773880 70.009497869018190385759 28.94261486787141635
72.009497869018190385759 452.04202858015310085 72.009497869018190385759 27.17956895371698423
74.009497869018218807469 452.45496871812218842 74.009497869018218807469 25.49958661070005306
76.009497869018190385759 452.82716327871111162 76.009497869018190385759 23.91090991089635054
78.009497869018190385759 453.16268368226218399 78.009497869018190385759 22.40582509668213262
80.009497869018218807469 453.46531583255460873 80.009497869018218807469 20.99317336132126144
82.009497869018190385759 453.73822439689837438 82.009497869018190385759 19.65117879593621453
84.009497869018190385759 453.98424853662049827 84.009497869018190385759 18.34246085482256916
86.009497869018218807469 454.20627589645465605 86.009497869018218807469 17.14408870692150799
88.009497869018190385759 454.40664631242708538 88.009497869018190385759 15.97606380863606113
91.009497869018190385759 454.67112657287066213 91.009497869018190385759 14.36006551890389815
94.009497869018190385759 454.89815556271025798 94.009497869018190385759 12.85697745251482438
97.009497869018190385759 455.09255849678618233 97.009497869018190385759 11.49889283658942318
99.504748934509137825444 455.23283158544910521 99.504748934509137825444 9.77279009539288346
nan nan nan nan

