Time Pressure difference Time.1 Pressure.1 difference.1
(hr) (psi) (hr) (psi)
0.000200000000006639311 0.62104432014879019 0.000200000000006639311 0.49779986220298084
0.000399999999999067768 1.16132700480845408 0.000399999999999067768 1.06113093566023409
0.000600000000019917934 1.65838194840841635 0.000600000000019917934 1.45670645099089091
0.000799999999998135536 2.12455884495843117 0.000799999999998135536 1.82382545137731400
0.001007140329448930061 2.58198382917633884 0.001007140329448930061 2.17942989228400918
0.001267914553963578328 3.12821299656564289 0.001267914553963578328 2.59660749611389052
0.001596209851982166583 3.77775017318004247 0.001596209851982166583 3.08050475406736224
0.002009509145210586212 4.54681457595892979 0.002009509145210586212 3.63877327525996330
0.002529822128153114136 5.45343258265059738 0.002529822128153114136 4.27947151197108600
0.003184857364431081805 6.51753281900930492 0.003184857364431081805 5.01109869532044350
0.004009497869020606231 7.76105334650262702 0.004009497869020606231 5.84267186727774579
0.005047658755856332391 9.20807192800913299 0.005047658755856332391 6.78385153191456247
0.006354625877790454069 10.88497066310385186 0.006354625877790454069 7.84511070139415789
0.007999999999995566213 12.82064351613652953 0.007999999999995566213 9.03793445911433047
0.010071403294347192059 15.04675202820949131 0.010071403294347192059 10.37505708356984080
0.012679145539706837553 17.59804088333263294 0.012679145539706837553 11.87080147058673063
0.015962098519764822413 20.51274829024012192 0.015962098519764822413 13.54160377325500342
0.020095091452077440408 23.83316082741009367 0.020095091452077440408 15.40661822224497790
0.025298221281346400247 27.60629905252590177 0.025298221281346400247 17.48785002449170278
0.031848573644282396344 31.88452892610646927 0.031848573644282396344 19.80889558617079871
0.040094978690177640601 36.72566099952629770 0.040094978690177640601 22.39163246632925919
0.050476587558421215363 42.19202935162787327 0.050476587558421215363 25.25122737536863937
0.063546258777947173257 48.34828170184465534 0.063546258777947173257 28.39142387034151582
0.079999999999998294697 55.25827572826471368 0.079999999999998294697 31.80250558316518550
0.100714032943528764008 62.98191550337291744 0.100714032943528764008 35.46236152699409416
0.126791455396883634421 71.57251833910318339 0.126791455396883634421 39.34230487336759552
0.159620985197506115583 81.07630301003716511 0.159620985197506115583 43.41682423719365147
0.200950914520774404082 91.53420677229067337 0.200950914520774404082 47.66490260413087299
0.252982212813464002465 102.98193148295403887 0.252982212813464002465 52.07994642459685508
0.318485736442795541734 115.45625173310790501 0.318485736442795541734 56.68375801239371725
0.400949786901833249431 129.00137327098357787 0.400949786901833249431 61.49427421512100977
0.504765875584169521062 143.66028883432838370 0.504765875584169521062 66.56376267513660139
0.635462587779429100010 159.49843276465955455 0.635462587779429100010 71.95212233262937218
0.800000000000011368684 176.58256064386378625 0.800000000000011368684 77.74300818383981948
1.007140329435344483500 195.01128365784654761 1.007140329435344483500 84.02295234605713858
1.267914553968893187630 214.88399613625105644 1.267914553968893187630 90.85242844359346748
1.596209851975103788391 236.31737321565290699 1.596209851975103788391 98.27714277315105562
2.009509145207672986544 259.41886884094179777 2.009509145207672986544 106.24576462597934778
2.529822128134725289783 284.26503234314424162 2.529822128134725289783 114.60842093642081352
3.184857364427998049905 310.87414128230017241 3.184857364427998049905 123.10820787763738338
4.009497869018190385759 339.18098851415254558 4.009497869018190385759 131.40581509593633314
5.009497869018204596614 368.01487294012201801 5.009497869018204596614 138.88180439062671212
6.009497869018190385759 392.47526691189864323 6.009497869018190385759 144.37271989329781263
7.009497869018190385759 413.65666098327051259 7.009497869018190385759 148.40404016010523947
8.009497869018204596614 432.26541832163303525 8.009497869018204596614 151.31337457996718854
9.009497869018190385759 448.79786206582519981 9.009497869018190385759 153.32627275803639577
10.009497869018190385759 463.62330196177168773 10.009497869018190385759 154.63196216232987013
11.009497869018204596614 477.01339127590705402 11.009497869018204596614 155.55647001339974622
12.009497869018190385759 489.18166326700065838 12.009497869018190385759 156.04032585371277264
13.009497869018190385759 500.29649732770536730 13.009497869018190385759 156.16832309892942021
14.009497869018204596614 510.49415356767366347 14.009497869018204596614 156.00320004073890345
15.009497869018190385759 519.88675907423635181 15.009497869018190385759 155.55271245836428307
16.009497869018190385759 528.56810121107241685 16.009497869018190385759 154.83348841205545909
17.009497869018190385759 536.60779022148733475 17.009497869018190385759 153.73762551624921002
18.009497869018204596614 544.06949029003794749 18.009497869018204596614 152.46956549314589324
19.009497869018190385759 551.00605109625416844 19.009497869018190385759 150.80349277264534180
20.009497869018190385759 557.46077709867813610 20.009497869018190385759 149.16388172424956338
21.009497869018204596614 563.47203953701250612 21.009497869018204596614 147.41341352582233526
22.009497869018190385759 569.08218337409141441 22.009497869018190385759 145.57861100834671220
23.009497869018190385759 574.33480697493325806 23.009497869018190385759 143.61430274257506312
24.009497869018204596614 579.25919824298284766 24.009497869018204596614 141.64410252732216122
25.009497869018190385759 583.88185558787824903 25.009497869018190385759 139.56732084988743736
26.009497869018190385759 588.22678852841170283 26.009497869018190385759 137.17915132397621392
27.009497869018204596614 592.31361980531050904 27.009497869018204596614 134.73786859630808976
28.009497869018190385759 596.14800694238567758 28.009497869018190385759 132.19761073969436893
29.009497869018190385759 599.73959079489475243 29.009497869018190385759 129.62342960742509490
30.009497869018190385759 603.10743979541416593 30.009497869018190385759 127.04379875274662481
31.009497869018190385759 606.25959616088232451 31.009497869018190385759 124.39414374134894103
32.009497869018190385759 609.22350601837115391 32.009497869018190385759 121.73369812322565053
33.009497869018190385759 612.02118877881923709 33.009497869018190385759 119.11783624558387373
34.009497869018190385759 614.66366154668367017 34.009497869018190385759 116.48022825058215801
35.009497869018190385759 617.15792508467859534 35.009497869018190385759 113.73680435387483101
36.009497869018190385759 619.51343558423991453 36.009497869018190385759 111.18411817586175516
37.009497869018190385759 621.73566845776110767 37.009497869018190385759 108.64901474631734857
38.009497869018190385759 623.82969752828353194 38.009497869018190385759 106.09177828640534358
39.009497869018190385759 625.80018200693200470 39.009497869018190385759 103.48267633511842689
40.009497869018190385759 627.65847582091794266 40.009497869018190385759 100.77051808798584887
41.009497869018190385759 629.41177578796589387 41.009497869018190385759 98.26390799045024949
42.009497869018190385759 631.06666464051897947 42.009497869018190385759 95.69288116857896398
43.009497869018190385759 632.62957076234692977 43.009497869018190385759 93.20684950063440510
44.009497869018190385759 634.10618337789389898 44.009497869018190385759 90.70155794251509462
46.009497869018190385759 636.82075023615448117 46.009497869018190385759 85.86890628825115357
48.009497869018190385759 639.24702462736900088 48.009497869018190385759 81.24946123639067252
50.009497869018218807469 641.41618491477504449 50.009497869018218807469 76.77733989489560429
52.009497869018190385759 643.35808671539723491 52.009497869018190385759 72.47547983564537333
54.009497869018190385759 645.09721899553858293 54.009497869018190385759 68.37865193340820724
56.009497869018190385759 646.65624314967783448 56.009497869018190385759 64.45160798914217537
58.009497869018190385759 648.05427032483351013 58.009497869018190385759 60.71116756702934225
60.009497869018190385759 649.30937523668876565 60.009497869018190385759 57.15262279994853856
62.009497869018190385759 650.43606016109492884 62.009497869018190385759 53.76234813018069048
64.009497869018190385759 651.44920423086864503 64.009497869018190385759 50.53961742685098102
66.009497869018218807469 652.35992481168716495 66.009497869018218807469 47.51397222496297701
68.009497869018190385759 653.17920289557889646 68.009497869018190385759 44.65376169264471429
70.009497869018190385759 653.91670254675375418 70.009497869018190385759 41.91040984113848111
72.009497869018190385759 654.58034008684512628 72.009497869018190385759 39.35742777064212561
74.009497869018218807469 655.17829885805997492 74.009497869018218807469 36.92472606614358455
76.009497869018190385759 655.71725591657514087 76.009497869018190385759 34.62423967616808795
78.009497869018190385759 656.20310689054849718 78.009497869018190385759 32.44479867896179570
80.009497869018218807469 656.64133396532258757 80.009497869018218807469 30.39920558165351139
82.009497869018190385759 657.03651974356068877 82.009497869018190385759 28.45592773697257272
84.009497869018190385759 657.39277547835308724 84.009497869018190385759 26.56083617289241872
86.009497869018218807469 657.71428262928179720 86.009497869018218807469 24.82553104963309565
88.009497869018190385759 658.00442940046264084 88.009497869018190385759 23.13417032029767384
91.009497869018190385759 658.38741055681919079 91.009497869018190385759 20.79412084880239675
94.009497869018190385759 658.71616032782071670 94.009497869018190385759 18.61757124617406589
97.009497869018190385759 658.99766587521628480 97.009497869018190385759 16.65099417246390345
99.504748934509137825444 659.20078859451393782 99.504748934509137825444 14.15150773553645003
nan nan nan nan

