Time Pressure difference Time.1 Pressure.1 difference.1
(hr) (psi) (hr) (psi)
0.000200000000006639311 0.50129137949229696 0.000200000000006639311 0.40181154796653162
0.000399999999999067768 0.93739399491265341 0.000399999999999067768 0.85651824403068222
0.000600000000019917934 1.33860426328930449 0.000600000000019917934 1.17581686627067428
0.000799999999998135536 1.71489054750007908 0.000799999999998135536 1.47214610425074688
0.001007140329448930061 2.08411250785534063 0.001007140329448930061 1.75918107897363996
0.001267914553963578328 2.52501497480634818 0.001267914553963578328 2.09591636457623443
0.001596209851982166583 3.04930507252200700 0.001596209851982166583 2.48650607951625657
0.002009509145210586212 3.67007454561707336 0.002009509145210586212 2.93712641052373780
0.002529822128153114136 4.40187383352963035 0.002529822128153114136 3.45428193791388072
0.003184857364431081805 5.26078882251872137 0.003184857364431081805 4.04483302761291430
0.004009497869020606231 6.26452736489001261 0.004009497869020606231 4.71605800946185738
0.005047658755856332391 7.43252442619571418 0.005047658755856332391 5.47575459975166456
0.006354625877790454069 8.78607497470266097 0.006354625877790454069 6.33237635090111439
0.007999999999995566213 10.34850149284562804 0.007999999999995566213 7.29519373381425851
0.010071403294347192059 12.14536038151438646 0.010071403294347192059 8.37448553830749631
0.012679145539706837553 14.20469667712947981 0.012679145539706837553 9.58181284621350393
0.015962098519764822413 16.55737530153911052 0.015962098519764822413 10.93044250756009106
0.020095091452077440408 19.23752891898572415 0.020095091452077440408 12.43583533634123661
0.025298221281346400247 22.28311134284601636 0.025298221281346400247 14.11575338299778792
0.031848573644282396344 25.73639106143123101 0.031848573644282396344 15.98924307403920864
0.040094978690177640601 29.64403130006606801 0.040094978690177640601 18.07396342573662196
0.050476587558421215363 34.05634656185209508 0.050476587558421215363 20.38215662585809440
0.063546258777947173257 39.02551886247550783 0.063546258777947173257 22.91684437964785914
0.079999999999998294697 44.60309251608811110 0.079999999999998294697 25.67018387878804120
0.100714032943528764008 50.83742058568217459 0.100714032943528764008 28.62432768995039112
0.126791455396883634421 57.77153946654068051 0.126791455396883634421 31.75612052558819443
0.159620985197506115583 65.44275579285512379 0.159620985197506115583 35.04497023629981101
0.200950914520774404082 73.88411308974134784 0.200950914520774404082 38.47391241589039623
0.252982212813464002465 83.12442899969383348 0.252982212813464002465 42.03762491671495383
0.318485736442795541734 93.19338704914540017 0.318485736442795541734 45.75370601897250822
0.400949786901833249431 104.12666900796880043 0.400949786901833249431 49.63663389561336459
0.504765875584169521062 115.95897753443549050 0.504765875584169521062 53.72859767499815575
0.635462587779429100010 128.74312958582387978 0.635462587779429100010 58.07794627745867899
0.800000000000011368684 142.53300859145954860 0.800000000000011368684 62.75220391520702634
1.007140329435344483500 157.40821102427076994 1.007140329435344483500 67.82121714031518422
1.267914553968893187630 173.44896549114434947 1.267914553968893187630 73.33379874370773166
1.596209851975103788391 190.74944923236557770 1.596209851975103788391 79.32684170030130133
2.009509145207672986544 209.39639637385437254 2.009509145207672986544 85.75891315101472401
2.529822128134725289783 229.45159561330027032 2.529822128134725289783 92.50903932087778969
3.184857364427998049905 250.92980013817955864 3.184857364427998049905 99.36985389226336451
4.009497869018190385759 273.77837637913660274 4.009497869018190385759 106.06747406846878334
5.009497869018204596614 297.05236380817024155 5.009497869018204596614 112.10190488929512753
6.009497869018190385759 316.79617957014244212 6.009497869018190385759 116.53403399459017464
7.009497869018190385759 333.89326895510623672 7.009497869018190385759 119.78801447900869448
8.009497869018204596614 348.91379057351542770 8.009497869018204596614 122.13635616320222255
9.009497869018190385759 362.25836399932080667 9.009497869018190385759 123.76111702442398155
10.009497869018190385759 374.22508678528657811 10.009497869018190385759 124.81503672295684737
11.009497869018204596614 385.03323062629272044 11.009497869018204596614 125.56127624399978515
12.009497869018190385759 394.85515420654758145 12.009497869018190385759 125.95183252766051396
13.009497869018190385759 403.82676914343926455 13.009497869018190385759 126.05514868971879139
14.009497869018204596614 412.05806117570068636 14.009497869018204596614 125.92186550373544662
15.009497869018190385759 419.63953647247774370 15.009497869018190385759 125.55824323993526548
16.009497869018190385759 426.64689783853378913 16.009497869018190385759 124.97770365098647005
17.009497869018190385759 433.13633291420501337 17.009497869018190385759 124.09315064091866532
18.009497869018204596614 439.15922983052382733 18.009497869018204596614 123.06960443392944171
19.009497869018190385759 444.75824752164010079 19.009497869018190385759 121.72479237253884321
20.009497869018190385759 449.96834025902279564 20.009497869018190385759 120.40133950836288079
21.009497869018204596614 454.82048034377692147 21.009497869018204596614 118.98840553653820962
22.009497869018190385759 459.34884756653121940 22.009497869018190385759 117.50739902019017791
23.009497869018190385759 463.58863343268154722 23.009497869018190385759 115.92185871597986591
24.009497869018204596614 467.56347840240772484 24.009497869018204596614 114.33156257810759371
25.009497869018190385759 471.29477132653852323 25.009497869018190385759 112.65523656044724987
26.009497869018190385759 474.80189208571346171 26.009497869018190385759 110.72756609110189174
27.009497869018204596614 478.10067966347929769 27.009497869018204596614 108.75702397908275998
28.009497869018190385759 481.19570067098391064 28.009497869018190385759 106.70659162845284129
29.009497869018190385759 484.09473696448907276 29.009497869018190385759 104.62877726159874214
30.009497869018190385759 486.81318010392163842 30.009497869018190385759 102.54656401566991519
31.009497869018190385759 489.35752156483778208 31.009497869018190385759 100.40782902889152695
32.009497869018190385759 491.74991517177949163 32.009497869018190385759 98.26038413533909477
33.009497869018190385759 494.00813444030256960 33.009497869018190385759 96.14892611751163543
34.009497869018190385759 496.14107210046216778 34.009497869018190385759 94.01991517984210134
35.009497869018190385759 498.15437899211718786 35.009497869018190385759 91.80549230357610213
36.009497869018190385759 500.05568791552991570 36.009497869018190385759 89.74502812401397023
37.009497869018190385759 501.84941848608519877 37.009497869018190385759 87.69875629747588164
38.009497869018190385759 503.53966616632749265 38.009497869018190385759 85.63461924463211972
39.009497869018190385759 505.13019175447431053 39.009497869018190385759 83.52861766960231193
40.009497869018190385759 506.63015985544944897 40.009497869018190385759 81.33943164052669772
41.009497869018190385759 508.04537955979304797 41.009497869018190385759 79.31615891605849811
42.009497869018190385759 509.38116428382699041 42.009497869018190385759 77.24089062934625360
43.009497869018190385759 510.64270285749967115 43.009497869018190385759 75.23422829647620347
44.009497869018190385759 511.83458747991437576 44.009497869018190385759 73.21201986391353955
46.009497869018190385759 514.02571767940719383 46.009497869018190385759 69.31122480666012109
48.009497869018190385759 515.98414543913190755 48.009497869018190385759 65.58252476479964344
50.009497869018218807469 517.73503715093943356 50.009497869018218807469 61.97274072233725661
52.009497869018190385759 519.30249151915461425 52.009497869018190385759 58.50038731128326219
54.009497869018190385759 520.70627542240777075 54.009497869018190385759 55.19353070858061017
56.009497869018190385759 521.96468056924663870 56.009497869018190385759 52.02371945311924151
58.009497869018190385759 523.09313299762345650 58.009497869018190385759 49.00452987473220645
60.009497869018190385759 524.10622216414333252 60.009497869018190385759 46.13216190130375338
62.009497869018190385759 525.01565394169097090 62.009497869018190385759 43.39561732480952827
64.009497869018190385759 525.83343839262943220 64.009497869018190385759 40.79431003064205186
66.009497869018218807469 526.56854917535281402 66.009497869018218807469 38.35208520400599497
68.009497869018190385759 527.22984987087079389 68.009497869018190385759 36.04339508823340310
70.009497869018190385759 527.82514106912856278 70.009497869018190385759 33.82903036504450967
72.009497869018190385759 528.36081262615289234 72.009497869018190385759 31.76832734850037099
74.009497869018218807469 528.84346993027270400 74.009497869018218807469 29.80471162289616771
76.009497869018190385759 529.27850253355848054 76.009497869018190385759 27.94781677896976291
78.009497869018190385759 529.67066923900779329 78.009497869018190385759 26.18862673638171756
80.009497869018218807469 530.02439512896000906 80.009497869018218807469 24.53747535738848740
82.009497869018190385759 530.34337916520587441 82.009497869018190385759 22.96891028096440834
84.009497869018190385759 530.63093984799797909 84.009497869018190385759 21.43923996018222056
86.009497869018218807469 530.89045234650552629 86.009497869018218807469 20.03854524185631192
88.009497869018190385759 531.12465153400569307 88.009497869018190385759 18.67332133476942246
91.009497869018190385759 531.43378430595271311 91.009497869018190385759 16.78449216495260643
94.009497869018190385759 531.69914286550545057 94.009497869018190385759 15.02763598345888596
97.009497869018190385759 531.92636707416568242 97.009497869018190385759 13.44026435445516832
99.504748934509137825444 532.09032263234314541 99.504748934509137825444 11.42274166993973417
nan nan nan nan

