Time Pressure difference Time.1 Pressure.1 difference.1
(hr) (psi) (hr) (psi)
0.000200000000006639311 0.36552496421313319 0.000200000000006639311 0.29298758705892930
0.000399999999999067768 0.68351645462380983 0.000399999999999067768 0.62454455293903921
0.000600000000019917934 0.97606560864845127 0.000600000000019917934 0.85736646498903335
0.000799999999998135536 1.25044102421880754 0.000799999999998135536 1.07343986768283628
0.001007140329448930061 1.51966537031118576 0.001007140329448930061 1.28273620341827921
0.001267914553963578328 1.84115675246296240 0.001267914553963578328 1.52827234917017085
0.001596209851982166583 2.22345161538063030 0.001596209851982166583 1.81307734964727030
0.002009509145210586212 2.67609602284578285 0.002009509145210586212 2.14165467434022538
0.002529822128153114136 3.20969967028202241 0.002529822128153114136 2.51874724639553804
0.003184857364431081805 3.83599184975323437 0.003184857364431081805 2.94935741596774958
0.004009497869020606231 4.56788453689896823 0.004009497869020606231 3.43879229856593804
0.005047658755856332391 5.41954906076770815 0.005047658755856332391 3.99273772898558876
0.006354625877790454069 6.40651300238735644 0.006354625877790454069 4.61735775586539621
0.007999999999995566213 7.54578233853327163 0.007999999999995566213 5.31941209757289712
0.010071403294347192059 8.85599194485424057 0.010071403294347192059 6.10639570501588125
0.012679145539706837553 10.35759132707357821 0.012679145539706837553 6.98673853369734665
0.015962098519764822413 12.07308615737226987 0.015962098519764822413 7.97011432842923373
0.020095091452077440408 14.02736483676042312 0.020095091452077440408 9.06779659941548566
0.025298221281346400247 16.24810202082522181 0.025298221281346400247 10.29273684176922110
0.031848573644282396344 18.76611848229360291 0.031848573644282396344 11.65882307482025837
0.040094978690177640601 21.61543948963150896 0.040094978690177640601 13.17893166459962018
0.050476587558421215363 24.83275270135048629 0.050476587558421215363 14.86198920635486331
0.063546258777947173257 28.45610750388839350 0.063546258777947173257 16.71019902682656522
0.079999999999998294697 32.52308829298091553 0.079999999999998294697 18.71784241161628159
0.100714032943528764008 37.06895251039325245 0.100714032943528764008 20.87190560725549560
0.126791455396883634421 42.12508086101924931 0.126791455396883634421 23.15550454990805562
0.159620985197506115583 47.71867609895686257 0.159620985197506115583 25.55362413063527782
0.200950914520774404082 53.87383246126973546 0.200950914520774404082 28.05389446992007763
0.252982212813464002465 60.61156281227675890 0.252982212813464002465 30.65243483510464984
0.318485736442795541734 67.95351139000183593 0.318485736442795541734 33.36207730550079020
0.400949786901833249431 75.92569615164391905 0.400949786901833249431 36.19337888221807731
0.504765875584169521062 84.55342111885920531 0.504765875584169521062 39.17710247135282486
0.635462587779429100010 93.87519865632991412 0.635462587779429100010 42.34850249398029121
0.800000000000011368684 103.93031876460592855 0.800000000000011368684 45.75681535483845863
1.007140329435344483500 114.77682053853077093 1.007140329435344483500 49.45297083147982420
1.267914553968893187630 126.47320400395943807 1.267914553968893187630 53.47256158395354930
1.596209851975103788391 139.08814006526657181 1.596209851975103788391 57.84248873980303784
2.009509145207672986544 152.68487235593548235 2.009509145207672986544 62.53254083928156604
2.529822128134725289783 167.30845513469810726 2.529822128134725289783 67.45450783814006002
3.184857364427998049905 182.96964593408924316 3.184857364427998049905 72.45718512977536818
4.009497869018190385759 199.63006610978712274 4.009497869018190385759 77.34086650825848608
5.009497869018204596614 216.60068194345745951 5.009497869018204596614 81.74097231511102279
6.009497869018190385759 230.99721426989552242 6.009497869018190385759 84.97273312105534160
7.009497869018190385759 243.46384194643161436 7.009497869018190385759 87.34542722427717365
8.009497869018204596614 254.41630562652167669 8.009497869018204596614 89.05775970233494832
9.009497869018190385759 264.14672374950475842 9.009497869018190385759 90.24248116364249483
10.009497869018190385759 272.87245911427146439 10.009497869018190385759 91.01096427715603454
11.009497869018204596614 280.75339733167174927 11.009497869018204596614 91.55509726124984127
12.009497869018190385759 287.91521660894096613 12.009497869018190385759 91.83987788475246816
13.009497869018190385759 294.45701916709111856 13.009497869018190385759 91.91521258625328983
14.009497869018204596614 300.45900294061510749 14.009497869018204596614 91.81802692980708969
15.009497869018190385759 305.98716201118173785 15.009497869018190385759 91.55288569578613078
16.009497869018190385759 311.09669634059758891 16.009497869018190385759 91.12957557884429605
17.009497869018190385759 315.82857608327452681 17.009497869018190385759 90.48458900900318724
18.009497869018204596614 320.22027175142363831 18.009497869018204596614 89.73825323307355006
19.009497869018190385759 324.30288881786259481 19.009497869018190385759 88.75766110497625050
20.009497869018190385759 328.10191477220411116 20.009497869018190385759 87.79264339151461627
21.009497869018204596614 331.63993358400398392 21.009497869018204596614 86.76237903705910526
22.009497869018190385759 334.94186801726232261 22.009497869018190385759 85.68247845222201420
23.009497869018190385759 338.03337854466366252 23.009497869018190385759 84.52635531373532274
24.009497869018204596614 340.93170300175563625 24.009497869018204596614 83.36676437987011923
25.009497869018190385759 343.65243742560102191 25.009497869018190385759 82.14444332532613657
26.009497869018190385759 346.20971297916605636 26.009497869018190385759 80.73885027476180198
27.009497869018204596614 348.61507892128696540 27.009497869018204596614 79.30199665141451248
28.009497869018190385759 350.87186507259247037 28.009497869018190385759 77.80688972908021128
29.009497869018190385759 352.98574570327326683 29.009497869018190385759 76.29181675324907985
30.009497869018190385759 354.96794382577621718 30.009497869018190385759 74.77353626142597420
31.009497869018190385759 356.82319280769422676 31.009497869018190385759 73.21404200023340536
32.009497869018190385759 358.56764647942253532 32.009497869018190385759 71.64819676535142889
33.009497869018190385759 360.21426469605393095 33.009497869018190385759 70.10859196068557253
34.009497869018190385759 361.76953173992029633 34.009497869018190385759 68.55618815196820037
35.009497869018190385759 363.23756801508551462 35.009497869018190385759 66.94150480469090780
36.009497869018190385759 364.62393910507393002 36.009497869018190385759 65.43908300709351522
37.009497869018190385759 365.93186764610385353 37.009497869018190385759 63.94700980024282444
38.009497869018190385759 367.16433991294712769 38.009497869018190385759 62.44190986587758374
39.009497869018190385759 368.32409815430418121 39.009497869018190385759 60.90628371741835423
40.009497869018190385759 369.41782489459859562 40.009497869018190385759 59.31000223788404924
41.009497869018190385759 370.44975592901579375 41.009497869018190385759 57.83469920962598820
42.009497869018190385759 371.42376562362380810 42.009497869018190385759 56.32148275056498221
43.009497869018190385759 372.34363750026022899 43.009497869018190385759 54.85829146618056740
44.009497869018190385759 373.21272003743752066 44.009497869018190385759 53.38376448410361519
46.009497869018190385759 374.81041914123437664 46.009497869018190385759 50.53943475485633741
48.009497869018190385759 376.23843938270033505 48.009497869018190385759 47.82059097433307215
50.009497869018218807469 377.51513125589332276 50.009497869018218807469 45.18845677670424976
52.009497869018190385759 378.65806673271697491 52.009497869018190385759 42.65653241447738253
54.009497869018190385759 379.68165916217236600 54.009497869018190385759 40.24528280834002913
56.009497869018190385759 380.59924624840903107 56.009497869018190385759 37.93396210123277967
58.009497869018190385759 381.42207614410045835 58.009497869018190385759 35.73246970032556646
60.009497869018190385759 382.16078699468783952 60.009497869018190385759 33.63803471970064862
62.009497869018190385759 382.82391433248301382 62.009497869018190385759 31.64263763267361540
64.009497869018190385759 383.42021549462560870 64.009497869018190385759 29.74585106400982681
66.009497869018218807469 383.95623377369480522 66.009497869018218807469 27.96506212792103696
68.009497869018190385759 384.43843219751005336 68.009497869018190385759 26.28164225183685332
70.009497869018190385759 384.87249869623951781 70.009497869018190385759 24.66700130784495570
72.009497869018190385759 385.26309253990319803 72.009497869018190385759 23.16440535828151681
74.009497869018218807469 385.61503015749048018 74.009497869018218807469 21.73260222502845807
76.009497869018190385759 385.93224143071972776 76.009497869018190385759 20.37861640133211694
78.009497869018190385759 386.21819632010988244 78.009497869018190385759 19.09587366194500291
80.009497869018218807469 386.47612144819999003 80.009497869018218807469 17.89190911476243784
82.009497869018190385759 386.70871397462934738 82.009497869018190385759 16.74816374653654805
84.009497869018190385759 386.91839363916523098 84.009497869018190385759 15.63277913763286975
86.009497869018218807469 387.10762150266020853 86.009497869018218807469 14.61143923885355811
88.009497869018190385759 387.27839174354585339 88.009497869018190385759 13.61596347326936929
91.009497869018190385759 387.50380105642386752 91.009497869018190385759 12.23869220361127574
94.009497869018190385759 387.69729167276443604 94.009497869018190385759 10.95765123793877116
97.009497869018190385759 387.86297599157910554 97.009497869018190385759 9.80019275845689464
99.504748934509137825444 387.98252691941684134 99.504748934509137825444 8.32908246766439042
nan nan nan nan

